1	43	Count	42	Distance	250000
1	43	Count	41	TBP_W	0.01
2	43	Count	5.30616	0.581842
1	43	Count	15	Dnase_P	1.60029
2	43	Count	2.85361	0
1	43	Count	42	Distance	55000
2	43	Count	4.22367	0.151067
1	43	Count	19	H3k4me1_P	1.22559
1	43	Count	30	H3k27ac_W	0.540146
2	43	Count	3.48152	0.00276168
2	43	Count	3.79367	0.0147129
2	43	Count	4.01071	0.0214789
1	43	Count	42	Distance	715000
1	43	Count	22	H3k79me2_P	0.297823
2	43	Count	1.61713	0.158851
1	43	Count	22	H3k79me2_P	1.25645
1	43	Count	20	H3k4me2_P	0.655939
2	43	Count	3.22487	0.0337594
1	43	Count	40	RAD21_W	4.21295
2	43	Count	2.69677	0.0596335
2	43	Count	3.00682	0.0286155
1	43	Count	36	H3k79me2_W	0.95994
2	43	Count	3.48942	0.0253397
2	43	Count	3.08108	0.020015
2	43	Count	1.34956	0.0434668
