1	43	Count	35	H3k4me3_W	1.01671
1	43	Count	39	H4k20me1_W	1.91867
2	43	Count	5.59132	0.338582
1	43	Count	37	H3k9ac_W	1.18247
1	43	Count	23	H3k9ac_P	1.2252
1	43	Count	26	RAD21_P	0.518467
2	43	Count	4.02133	0
1	43	Count	35	H3k4me3_W	0.853029
2	43	Count	3.97931	0
2	43	Count	3.65504	0.0126268
2	43	Count	4.01137	0.06533
2	43	Count	4.80706	0.0142623
1	43	Count	32	H3k36me3_W	2.35891
1	43	Count	17	H3k27me3_P	0.529129
2	43	Count	2.42148	0.0109929
1	43	Count	28	Ctcf_W	1.16623
2	43	Count	2.47346	0
1	43	Count	34	H3k4me2_W	1.2036
2	43	Count	3.45831	0.00544866
1	43	Count	38	H3k9me3_W	1.24012
1	43	Count	22	H3k79me2_P	0.526024
2	43	Count	3.32057	0.00963354
1	43	Count	16	H3k27ac_P	1.24339
1	43	Count	23	H3k9ac_P	2.01513
2	43	Count	2.90875	0.00998383
2	43	Count	3.16584	0
2	43	Count	3.12792	0.0191051
2	43	Count	3.27114	0.0368584
1	43	Count	39	H4k20me1_W	1.9206
2	43	Count	2.53985	0.116531
2	43	Count	1.24122	0.0260801
