1	43	Count	30	H3k27ac_W	0.52188
2	43	Count	5.01634	0.540543
1	43	Count	42	Distance	285000
1	43	Count	27	TBP_P	0.540689
1	43	Count	32	H3k36me3_W	0.654595
2	43	Count	4.09845	0.0556726
1	43	Count	42	Distance	200000
1	43	Count	24	H3k9me3_P	1.92893
1	43	Count	33	H3k4me1_W	1.23152
2	43	Count	3.87242	0.000490402
1	43	Count	14	Ctcf_P	0.797581
2	43	Count	3.55455	2.95823e-31
2	43	Count	3.73083	0.00138726
2	43	Count	3.49628	0.00227243
2	43	Count	3.48415	0.00633638
2	43	Count	3.1667	0.0878523
1	43	Count	21	H3k4me3_P	0.448185
2	43	Count	1.71108	0.1059
1	43	Count	29	Dnase_W	2.15376
2	43	Count	3.3908	0.0407805
1	43	Count	25	H4k20me1_P	3.18257
1	43	Count	17	H3k27me3_P	0.81843
1	43	Count	17	H3k27me3_P	0.799973
1	43	Count	19	H3k4me1_P	1.04104
2	43	Count	2.79071	0.037595
2	43	Count	2.47346	0
2	43	Count	2.16768	0.0657575
1	43	Count	34	H3k4me2_W	1.34797
2	43	Count	3.18476	0.0236556
2	43	Count	2.75019	0.0182146
2	43	Count	1.169	0
