1	43	Count	32	H3k36me3_W	0.724124
1	43	Count	35	H3k4me3_W	0.842126
2	43	Count	5.52123	0.88614
1	43	Count	18	H3k36me3_P	0.916056
1	43	Count	21	H3k4me3_P	0.784465
1	43	Count	27	TBP_P	0.01
2	43	Count	3.62477	0.0134751
2	43	Count	2.85361	0
2	43	Count	3.95582	0.0637828
2	43	Count	4.28223	0.0969414
1	43	Count	19	H3k4me1_P	0.443353
2	43	Count	1.52319	0.1059
1	43	Count	36	H3k79me2_W	1.40918
1	43	Count	36	H3k79me2_W	0.644116
1	43	Count	29	Dnase_W	2.19867
2	43	Count	2.17366	0.0701588
1	43	Count	15	Dnase_P	2.03858
1	43	Count	33	H3k4me1_W	1.29236
2	43	Count	2.47346	0
1	43	Count	18	H3k36me3_P	5.25262
2	43	Count	2.91391	0.010016
2	43	Count	3.19505	0
2	43	Count	3.21777	0.00365541
1	43	Count	15	Dnase_P	0.385489
2	43	Count	2.64891	0
1	43	Count	38	H3k9me3_W	1.23815
1	43	Count	33	H3k4me1_W	1.31458
2	43	Count	3.58635	0.017172
1	43	Count	24	H3k9me3_P	1.29334
2	43	Count	3.29906	0.00465858
2	43	Count	3.00028	0
1	43	Count	20	H3k4me2_P	0.90437
2	43	Count	3.32366	0.0074882
2	43	Count	3.01984	0.00892759
2	43	Count	2.72432	0.0319125
