1	43	Count	36	H3k79me2_W	0.423288
1	43	Count	35	H3k4me3_W	0.842126
2	43	Count	5.19429	0.0688252
1	43	Count	23	H3k9ac_P	1.37391
1	43	Count	31	H3k27me3_W	2.84502
1	43	Count	29	Dnase_W	3.21741
2	43	Count	4.05862	0.00417238
1	43	Count	29	Dnase_W	3.31544
2	43	Count	3.48475	0.00275363
1	43	Count	18	H3k36me3_P	0.845105
1	43	Count	19	H3k4me1_P	0.859477
2	43	Count	3.70886	0.00119273
2	43	Count	3.55455	1.42109e-14
2	43	Count	3.97931	0
2	43	Count	4.28306	0.0040348
1	43	Count	38	H3k9me3_W	1.16159
2	43	Count	4.66873	0.018886
2	43	Count	4.10945	0.010574
1	43	Count	29	Dnase_W	2.15431
2	43	Count	3.29241	0.033169
1	43	Count	32	H3k36me3_W	0.963569
2	43	Count	3.048	0.0730079
1	43	Count	36	H3k79me2_W	0.646042
1	43	Count	23	H3k9ac_P	0.976714
2	43	Count	1.81076	0.100615
2	43	Count	2.55837	0.0330757
1	43	Count	41	TBP_W	0.0672153
2	43	Count	3.22278	0.000986453
2	43	Count	2.6803	0.0665328
