1	43	Count	32	H3k36me3_W	0.692442
1	43	Count	21	H3k4me3_P	0.904402
1	43	Count	31	H3k27me3_W	2.20458
2	43	Count	4.00021	0.0235836
1	43	Count	14	Ctcf_P	0.747426
2	43	Count	3.45814	0.117815
2	43	Count	3.70313	0.0118585
1	43	Count	29	Dnase_W	4.74066
2	43	Count	4.10884	0.0188594
2	43	Count	4.70558	0.0241671
1	43	Count	26	RAD21_P	7.59017
1	43	Count	38	H3k9me3_W	1.23084
1	43	Count	28	Ctcf_W	1.44087
1	43	Count	24	H3k9me3_P	0.891704
2	43	Count	3.09811	0.0399547
1	43	Count	29	Dnase_W	2.18
2	43	Count	3.09419	0.0549387
1	43	Count	24	H3k9me3_P	2.74275
1	43	Count	24	H3k9me3_P	1.24494
2	43	Count	2.48422	0.00492791
2	43	Count	2.68713	0.0034995
2	43	Count	1.98636	-3.55271e-15
2	43	Count	1.53011	0
1	43	Count	26	RAD21_P	1.68214
1	43	Count	20	H3k4me2_P	0.341795
2	43	Count	2.73117	0.0135351
2	43	Count	3.09654	0.0873076
1	43	Count	25	H4k20me1_P	2.52739
1	43	Count	14	Ctcf_P	0.984733
2	43	Count	3.54847	0
2	43	Count	3.21975	0.0118381
2	43	Count	3.73223	0.0100557
2	43	Count	1.52319	0.1059
