1	43	Count	36	H3k79me2_W	0.423288
1	43	Count	28	Ctcf_W	0.865063
2	43	Count	5.36363	0
1	43	Count	30	H3k27ac_W	0.502284
2	43	Count	4.78494	0.0160431
1	43	Count	27	TBP_P	0.540689
1	43	Count	20	H3k4me2_P	1.0053
1	43	Count	15	Dnase_P	4.10582
1	43	Count	14	Ctcf_P	1.11249
2	43	Count	3.83394	0.0205335
2	43	Count	3.59685	0.0177318
2	43	Count	4.2593	-5.68434e-14
2	43	Count	4.19198	0.0503499
2	43	Count	2.85361	3.55271e-15
1	43	Count	42	Distance	725000
1	43	Count	34	H3k4me2_W	1.20089
2	43	Count	3.53867	0.0187447
1	43	Count	42	Distance	665000
1	43	Count	17	H3k27me3_P	0.81843
2	43	Count	2.57326	0.130972
1	43	Count	22	H3k79me2_P	0.410337
2	43	Count	2.83688	0.015529
1	43	Count	34	H3k4me2_W	1.65156
1	43	Count	31	H3k27me3_W	1.53481
1	43	Count	25	H4k20me1_P	2.42744
1	43	Count	31	H3k27me3_W	1.53023
2	43	Count	3.15662	0.00348624
2	43	Count	3.248	0
2	43	Count	2.90604	0.00115777
2	43	Count	2.96144	0.0140472
2	43	Count	3.4061	0.0152026
2	43	Count	2.48611	0.102352
2	43	Count	1.169	6.75016e-14
