1	43	Count	42	Distance	250000
1	43	Count	42	Distance	40000
2	43	Count	5.11091	0.325946
1	43	Count	14	Ctcf_P	1.15656
1	43	Count	15	Dnase_P	2.70191
1	43	Count	15	Dnase_P	1.60029
2	43	Count	3.18686	0.222111
1	43	Count	18	H3k36me3_P	3.35515
1	43	Count	36	H3k79me2_W	0.358311
2	43	Count	3.77188	0.00329809
2	43	Count	3.57598	0.00336525
2	43	Count	4.02133	0
2	43	Count	4.0428	0.013887
2	43	Count	4.09037	0.0710749
1	43	Count	19	H3k4me1_P	0.443353
2	43	Count	1.71108	0.1059
1	43	Count	32	H3k36me3_W	2.35891
1	43	Count	28	Ctcf_W	1.24532
1	43	Count	36	H3k79me2_W	0.627
1	43	Count	18	H3k36me3_P	3.16392
2	43	Count	2.86025	0.00800117
1	43	Count	17	H3k27me3_P	1.0354
1	43	Count	20	H3k4me2_P	1.02286
2	43	Count	3.12205	0.00177376
2	43	Count	3.24148	0
2	43	Count	3.44216	0
1	43	Count	29	Dnase_W	2.15669
2	43	Count	2.9966	0.022737
2	43	Count	2.53312	0.0291037
1	43	Count	20	H3k4me2_P	1.45574
2	43	Count	3.56865	0.0178671
2	43	Count	3.13489	0.030579
2	43	Count	2.54798	0.104018
