1	43	Count	36	H3k79me2_W	0.423288
1	43	Count	42	Distance	40000
2	43	Count	5.05355	0.251447
1	43	Count	15	Dnase_P	1.60029
2	43	Count	3.29794	0.148074
1	43	Count	32	H3k36me3_W	0.65574
2	43	Count	4.21296	0.0095416
1	43	Count	33	H3k4me1_W	1.21809
2	43	Count	4.0023	0.0201539
2	43	Count	3.6901	0.028928
1	43	Count	23	H3k9ac_P	1.23589
1	43	Count	41	TBP_W	0.0626214
2	43	Count	1.92361	0.139139
1	43	Count	23	H3k9ac_P	1.07357
1	43	Count	14	Ctcf_P	1.18235
2	43	Count	2.69998	0.00795099
2	43	Count	3.18135	0.0468574
2	43	Count	2.32984	0.0825126
1	43	Count	34	H3k4me2_W	1.20089
2	43	Count	3.60546	0.023873
1	43	Count	19	H3k4me1_P	2.00159
1	43	Count	15	Dnase_P	0.79357
2	43	Count	3.19505	0
1	43	Count	17	H3k27me3_P	0.814636
2	43	Count	2.67447	0.0796117
2	43	Count	2.98828	0.0156604
2	43	Count	3.27295	0.042313
