1	43	Count	32	H3k36me3_W	0.724124
1	43	Count	35	H3k4me3_W	0.853977
2	43	Count	5.15619	0.289585
1	43	Count	23	H3k9ac_P	1.2252
1	43	Count	41	TBP_W	0.089566
2	43	Count	4.12469	0.0142444
1	43	Count	33	H3k4me1_W	1.24521
2	43	Count	3.48851	0.00356397
2	43	Count	3.7569	0.0126082
2	43	Count	4.04732	0.0505189
1	43	Count	35	H3k4me3_W	1.61177
1	43	Count	26	RAD21_P	15.1519
1	43	Count	38	H3k9me3_W	1.201
1	43	Count	40	RAD21_W	4.21295
2	43	Count	2.19138	0.0642968
2	43	Count	3.09951	0.0505505
1	43	Count	25	H4k20me1_P	2.93159
1	43	Count	34	H3k4me2_W	1.19631
2	43	Count	3.7923	0.0121852
1	43	Count	14	Ctcf_P	0.977906
2	43	Count	3.0241	0.00471637
1	43	Count	33	H3k4me1_W	1.58371
1	43	Count	20	H3k4me2_P	0.90437
2	43	Count	3.34722	0.00456947
2	43	Count	3.20491	0.0186219
2	43	Count	3.51759	0.000423742
2	43	Count	2.85112	0.0278059
2	43	Count	1.33531	-3.9968e-14
2	43	Count	1.97445	0.501976
