1	43	Count	30	H3k27ac_W	0.79023
1	43	Count	41	TBP_W	0.01
2	43	Count	4.89883	0.0542864
1	43	Count	38	H3k9me3_W	1.32552
1	43	Count	27	TBP_P	0.540689
1	43	Count	23	H3k9ac_P	1.40097
2	43	Count	3.76302	0.0253987
2	43	Count	4.26449	0.0707205
2	43	Count	3.18151	0.130462
1	43	Count	34	H3k4me2_W	1.31021
1	43	Count	26	RAD21_P	1.45727
2	43	Count	3.89312	0.0493108
2	43	Count	4.16914	0.00435249
2	43	Count	4.66916	-1.42109e-14
1	43	Count	29	Dnase_W	2.15376
2	43	Count	3.53284	0.0250988
1	43	Count	16	H3k27ac_P	1.94819
1	43	Count	23	H3k9ac_P	1.65896
1	43	Count	23	H3k9ac_P	0.861496
2	43	Count	2.71379	0.0141374
1	43	Count	23	H3k9ac_P	0.969874
2	43	Count	3.28471	0.0161735
1	43	Count	29	Dnase_W	2.2665
2	43	Count	2.68088	0.077759
1	43	Count	23	H3k9ac_P	1.30734
1	43	Count	21	H3k4me3_P	1.42212
1	43	Count	16	H3k27ac_P	1.24339
2	43	Count	2.95922	0.00306017
2	43	Count	3.18428	0.00654368
2	43	Count	2.47346	0
2	43	Count	3.19505	0
2	43	Count	3.50595	0.00339054
2	43	Count	2.39225	0.0955594
