1	43	Count	42	Distance	265000
1	43	Count	38	H3k9me3_W	1.19651
2	43	Count	4.65614	0.254077
1	43	Count	15	Dnase_P	1.60029
2	43	Count	3.31685	0.160943
1	43	Count	14	Ctcf_P	1.29764
1	43	Count	25	H4k20me1_P	2.2937
2	43	Count	3.63132	0.0239667
2	43	Count	3.90021	0.0208572
2	43	Count	4.14982	0.00719429
1	43	Count	37	H3k9ac_W	1.71111
1	43	Count	39	H4k20me1_W	1.72982
1	43	Count	37	H3k9ac_W	1.2585
2	43	Count	2.78953	0.104838
2	43	Count	3.06577	0.0154761
1	43	Count	36	H3k79me2_W	0.825511
2	43	Count	3.51145	0.0159584
2	43	Count	3.08569	0.0166133
1	43	Count	28	Ctcf_W	1.46048
2	43	Count	2.64324	0.0639842
2	43	Count	1.40974	0.0434668
