1	43	Count	29	Dnase_W	2.48648
1	43	Count	17	H3k27me3_P	0.486801
2	43	Count	1.60551	0.486215
1	43	Count	29	Dnase_W	2.15376
2	43	Count	3.66329	0.720015
1	43	Count	24	H3k9me3_P	0.891704
2	43	Count	3.05851	0.0321555
1	43	Count	18	H3k36me3_P	6.03788
1	43	Count	38	H3k9me3_W	1.24142
1	43	Count	19	H3k4me1_P	1.85251
2	43	Count	2.78328	0.0159033
2	43	Count	2.56237	0.0100589
2	43	Count	3.15582	0.0037675
2	43	Count	2.37346	0.0913534
1	43	Count	28	Ctcf_W	1.7466
1	43	Count	15	Dnase_P	2.70191
1	43	Count	23	H3k9ac_P	1.87082
1	43	Count	24	H3k9me3_P	0.393908
2	43	Count	3.37342	0.164037
1	43	Count	19	H3k4me1_P	0.941802
1	43	Count	36	H3k79me2_W	0.389767
2	43	Count	3.70729	0.00770988
2	43	Count	4.02133	0
2	43	Count	3.52945	0.00204685
2	43	Count	4.24172	-7.10543e-15
1	43	Count	39	H4k20me1_W	1.94045
2	43	Count	4.90065	0.160763
2	43	Count	3.98333	0.0708923
2	43	Count	4.75351	0.0146463
