1	43	Count	42	Distance	240000
1	43	Count	30	H3k27ac_W	0.487324
2	43	Count	5.07988	0.284411
1	43	Count	15	Dnase_P	1.60029
2	43	Count	3.02024	0.111056
1	43	Count	18	H3k36me3_P	0.669305
1	43	Count	22	H3k79me2_P	0.337348
2	43	Count	3.65779	0.00480921
2	43	Count	3.84584	0.000530164
2	43	Count	4.05573	0.0636546
1	43	Count	41	TBP_W	0.0606314
1	43	Count	25	H4k20me1_P	2.42744
2	43	Count	3.12795	0.0678819
2	43	Count	3.68994	0.00096219
1	43	Count	31	H3k27me3_W	1.46904
1	43	Count	21	H3k4me3_P	0.642302
2	43	Count	1.76896	0.295061
1	43	Count	41	TBP_W	0.0742247
1	43	Count	29	Dnase_W	2.18
2	43	Count	3.03354	0.0242444
2	43	Count	2.55018	0.0634192
2	43	Count	1.53011	0
1	43	Count	28	Ctcf_W	1.16623
2	43	Count	2.47346	0
1	43	Count	30	H3k27ac_W	1.02002
1	43	Count	14	Ctcf_P	0.892852
2	43	Count	2.87963	0.00038556
2	43	Count	3.14024	0.0153946
2	43	Count	3.52788	0.000847484
