1	43	Count	34	H3k4me2_W	1.23645
1	43	Count	30	H3k27ac_W	0.502284
2	43	Count	5.08062	0.407334
1	43	Count	39	H4k20me1_W	1.72982
2	43	Count	2.94486	0.0118384
1	43	Count	15	Dnase_P	1.63418
2	43	Count	3.39005	0.0902462
1	43	Count	21	H3k4me3_P	0.706539
2	43	Count	3.6375	0.0287531
1	43	Count	31	H3k27me3_W	2.38824
1	43	Count	37	H3k9ac_W	1.09678
2	43	Count	4.02311	0.00929986
2	43	Count	3.68065	0.0015834
2	43	Count	4.26472	0.0040348
1	43	Count	40	RAD21_W	6.37843
1	43	Count	21	H3k4me3_P	0.642302
2	43	Count	1.74975	0.357087
1	43	Count	42	Distance	725000
1	43	Count	17	H3k27me3_P	0.81843
2	43	Count	2.41566	0.120922
1	43	Count	40	RAD21_W	3.74521
2	43	Count	2.50609	0.0835502
1	43	Count	14	Ctcf_P	1.42948
1	43	Count	38	H3k9me3_W	1.35614
2	43	Count	2.91476	0.0159509
2	43	Count	3.33491	-7.10543e-15
2	43	Count	3.20996	0.0207034
2	43	Count	1.53011	-1.77636e-14
2	43	Count	4.56669	0.0419963
