1	43	Count	40	RAD21_W	4.49569
1	43	Count	34	H3k4me2_W	0.418721
2	43	Count	5.63804	0.225908
1	43	Count	25	H4k20me1_P	3.80166
1	43	Count	34	H3k4me2_W	1.20089
2	43	Count	3.47781	0.0246799
1	43	Count	22	H3k79me2_P	1.28579
1	43	Count	32	H3k36me3_W	1.30806
1	43	Count	24	H3k9me3_P	0.786467
2	43	Count	3.1826	0.0495368
1	43	Count	18	H3k36me3_P	5.03038
2	43	Count	2.86667	0.0161518
2	43	Count	2.47346	0
1	43	Count	31	H3k27me3_W	1.40616
1	43	Count	27	TBP_P	0.01
1	43	Count	37	H3k9ac_W	1.24603
2	43	Count	2.96893	0.0281723
1	43	Count	29	Dnase_W	2.19867
2	43	Count	2.16768	0.0657575
2	43	Count	2.63481	0.0159548
2	43	Count	3.35832	0
2	43	Count	1.84813	0.525969
1	43	Count	15	Dnase_P	7.90753
1	43	Count	33	H3k4me1_W	1.31169
2	43	Count	2.92059	0
2	43	Count	3.231	0.00639112
2	43	Count	2.67109	0
2	43	Count	1.53011	6.21725e-15
1	43	Count	15	Dnase_P	3.17509
1	43	Count	15	Dnase_P	1.60029
2	43	Count	3.3136	0.104091
1	43	Count	14	Ctcf_P	1.22826
2	43	Count	3.64402	0.0129917
2	43	Count	4.09253	0.0119079
2	43	Count	4.15085	0.122978
