1	43	Count	36	H3k79me2_W	0.423288
1	43	Count	35	H3k4me3_W	0.842126
2	43	Count	5.25363	0.267752
1	43	Count	25	H4k20me1_P	2.07142
1	43	Count	19	H3k4me1_P	0.996623
1	43	Count	39	H4k20me1_W	2.11118
2	43	Count	3.72086	0.000943111
2	43	Count	3.50457	0.0507944
2	43	Count	4.24172	0
1	43	Count	28	Ctcf_W	1.54523
1	43	Count	37	H3k9ac_W	1.10822
2	43	Count	3.99168	0.0201071
2	43	Count	3.68711	3.02642e-05
2	43	Count	4.44259	0.0641639
1	43	Count	28	Ctcf_W	1.24029
1	43	Count	26	RAD21_P	15.1519
1	43	Count	32	H3k36me3_W	1.21952
1	43	Count	35	H3k4me3_W	1.09872
2	43	Count	3.44216	0
2	43	Count	2.7988	0.0170272
2	43	Count	2.4985	0.172726
2	43	Count	1.33531	0
1	43	Count	42	Distance	725000
1	43	Count	35	H3k4me3_W	1.49646
1	43	Count	28	Ctcf_W	1.3121
1	43	Count	25	H4k20me1_P	2.42744
2	43	Count	3.26074	0.0208236
2	43	Count	3.57376	0.0122497
1	43	Count	17	H3k27me3_P	0.87483
2	43	Count	2.98179	0.00102601
2	43	Count	3.17587	0.00384005
2	43	Count	2.65678	0.0833616
2	43	Count	1.34955	0.0652002
