1	43	Count	42	Distance	265000
1	43	Count	30	H3k27ac_W	0.01
2	43	Count	6.18687	0
1	43	Count	15	Dnase_P	1.60029
2	43	Count	3.13155	0.144849
1	43	Count	42	Distance	55000
2	43	Count	4.41997	0.0553881
1	43	Count	23	H3k9ac_P	1.40097
2	43	Count	3.71639	0.0300772
2	43	Count	4.09273	0.0107758
1	43	Count	42	Distance	735000
1	43	Count	19	H3k4me1_P	0.443353
2	43	Count	1.61713	0.158851
1	43	Count	29	Dnase_W	2.15376
2	43	Count	3.49135	0.0383111
1	43	Count	17	H3k27me3_P	0.81843
1	43	Count	36	H3k79me2_W	0.646042
2	43	Count	2.38056	0.0799885
2	43	Count	2.75084	0.00935787
1	43	Count	37	H3k9ac_W	1.71111
1	43	Count	32	H3k36me3_W	0.910146
2	43	Count	3.00629	0.00707628
2	43	Count	3.18554	0.0191273
2	43	Count	2.64516	0.102362
2	43	Count	1.38567	0.0391201
