1	43	Count	30	H3k27ac_W	0.79023
1	43	Count	30	H3k27ac_W	0.502284
2	43	Count	4.81909	0.0113892
1	43	Count	25	H4k20me1_P	2.33165
1	43	Count	29	Dnase_W	3.28583
2	43	Count	3.99119	0.0745621
1	43	Count	30	H3k27ac_W	0.534685
2	43	Count	3.42477	0
1	43	Count	38	H3k9me3_W	1.1949
2	43	Count	3.55653	0.000589518
1	43	Count	27	TBP_P	0.01
2	43	Count	3.6817	0.006233
2	43	Count	3.85152	0
1	43	Count	31	H3k27me3_W	2.27593
2	43	Count	4.00073	0.016915
2	43	Count	4.36653	0.03097
1	43	Count	29	Dnase_W	2.15376
1	43	Count	29	Dnase_W	2.14578
2	43	Count	3.51471	0.0241076
2	43	Count	3.19662	0.0217915
1	43	Count	22	H3k79me2_P	0.297823
2	43	Count	1.61713	0.158851
1	43	Count	40	RAD21_W	4.49569
1	43	Count	30	H3k27ac_W	1.10228
1	43	Count	21	H3k4me3_P	1.40121
1	43	Count	38	H3k9me3_W	1.12771
2	43	Count	2.64111	0.00431715
2	43	Count	2.9393	0.0161472
2	43	Count	2.47346	-1.42109e-14
2	43	Count	2.54323	0.0474196
2	43	Count	3.29093	0.0744683
