1	43	Count	34	H3k4me2_W	0.962218
1	43	Count	30	H3k27ac_W	0.502284
2	43	Count	4.9098	0.192754
1	43	Count	24	H3k9me3_P	1.68504
2	43	Count	3.90888	0.0441554
2	43	Count	3.51512	0.00221548
1	43	Count	31	H3k27me3_W	2.05536
1	43	Count	32	H3k36me3_W	2.42334
1	43	Count	23	H3k9ac_P	1.47297
1	43	Count	29	Dnase_W	2.14344
2	43	Count	3.43097	0.010556
1	43	Count	34	H3k4me2_W	1.30528
2	43	Count	2.11304	0.22036
2	43	Count	2.79995	0.0480446
1	43	Count	38	H3k9me3_W	1.12939
2	43	Count	2.81508	0.148545
2	43	Count	3.32835	0.0354742
1	43	Count	37	H3k9ac_W	1.74175
2	43	Count	1.28937	0.0434668
1	43	Count	16	H3k27ac_P	0.0672571
2	43	Count	1.89896	0
1	43	Count	21	H3k4me3_P	0.788779
2	43	Count	2.90735	0
2	43	Count	2.50616	0.0185479
2	43	Count	3.73	0.220983
