Pair	Ctcf_E	Dnase_E	H3k27ac_E	H3k27me3_E	H3k36me3_E	H3k4me1_E	H3k4me2_E	H3k4me3_E	H3k79me2_E	H3k9ac_E	H3k9me3_E	H4k20me1_E	RAD21_E	TBP_E	Ctcf_P	Dnase_P	H3k27ac_P	H3k27me3_P	H3k36me3_P	H3k4me1_P	H3k4me2_P	H3k4me3_P	H3k79me2_P	H3k9ac_P	H3k9me3_P	H4k20me1_P	RAD21_P	TBP_P	Ctcf_W	Dnase_W	H3k27ac_W	H3k27me3_W	H3k36me3_W	H3k4me1_W	H3k4me2_W	H3k4me3_W	H3k79me2_W	H3k9ac_W	H3k9me3_W	H4k20me1_W	RAD21_W	TBP_W	Distance	Count
chr17_0_5000-chr17_1000000_1005000	1.16313	2.54034	0.539709	2.71021	0.881052	0.714904	0.435131	0.780275	0.268445	1.57645	0.881736	2.15069	3.45443	0.01	1.44314	3.03645	1.46231	0.378992	5.64752	2.74729	1.14794	1.2979	3.55351	2.05329	0.736492	4.01496	1.4499	0.01	1.5111	2.48372	1.35662	1.43463	2.54155	1.45961	1.67937	1.62979	1.44978	1.74019	1.23084	2.03488	3.89581	0.0779921	995000	1.53011
chr17_0_5000-chr17_100000_105000	1.16313	2.54034	0.539709	2.71021	0.881052	0.714904	0.435131	0.780275	0.268445	1.57645	0.881736	2.15069	3.45443	0.01	0.618914	1.87208	0.470874	1.04477	0.640022	0.687743	0.14624	0.904402	0.335345	0.865206	0.586053	1.63145	1.45727	0.01	1.37128	3.75544	0.651692	2.38824	0.692442	1.59425	1.09203	0.943288	0.379065	1.18247	1.34221	2.12548	8.94201	0.114942	95000	3.63671
chr17_0_5000-chr17_10000_15000	1.16313	2.54034	0.539709	2.71021	0.881052	0.714904	0.435131	0.780275	0.268445	1.57645	0.881736	2.15069	3.45443	0.01	6.22236	9.03853	0.625529	2.41148	0.589309	3.76434	1.3964	0.704901	0.518792	2.0016	1.18888	2.56082	8.29351	0.01	0.865063	2.87524	0.379039	2.22835	0.68038	0.83982	0.418721	0.757967	0.228921	1.25034	1.15633	1.91867	3.39809	0.01	5000	5.36363
chr17_0_5000-chr17_1005000_1010000	1.16313	2.54034	0.539709	2.71021	0.881052	0.714904	0.435131	0.780275	0.268445	1.57645	0.881736	2.15069	3.45443	0.01	1.54603	3.08204	1.20091	0.486801	5.30551	1.93327	1.3307	0.642302	4.75431	1.52895	1.16225	4.10042	2.12744	0.01	1.51076	2.48648	1.35715	1.42935	2.55708	1.46605	1.67672	1.62813	1.4603	1.74175	1.22837	2.04478	3.88358	0.0776522	1e+06	1.169
chr17_0_5000-chr17_105000_110000	1.16313	2.54034	0.539709	2.71021	0.881052	0.714904	0.435131	0.780275	0.268445	1.57645	0.881736	2.15069	3.45443	0.01	0.819155	1.85471	0.376448	0.735031	0.181653	0.421446	0.383495	0.474711	0.0474991	0.584924	0.44587	1.71682	4.11655	0.01	1.33366	3.66127	0.642651	2.32107	0.689821	1.54892	1.04474	0.941344	0.376879	1.16661	1.3044	2.10078	8.56778	0.109695	100000	3.73965
chr17_0_5000-chr17_110000_115000	1.16313	2.54034	0.539709	2.71021	0.881052	0.714904	0.435131	0.780275	0.268445	1.57645	0.881736	2.15069	3.45443	0.01	1.22826	3.17509	0.336372	2.79069	0.636843	0.731629	0.631818	0.704936	0.262371	0.933458	1.06806	2.2937	2.57443	0.01	1.30916	3.57524	0.629975	2.24555	0.665622	1.49523	1.01326	0.919123	0.361194	1.13891	1.26352	2.0825	8.35581	0.104948	105000	3.68322
chr17_0_5000-chr17_120000_125000	1.16313	2.54034	0.539709	2.71021	0.881052	0.714904	0.435131	0.780275	0.268445	1.57645	0.881736	2.15069	3.45443	0.01	0.747426	1.60029	0.310605	1.27544	0.596284	0.610711	0.460363	0.784465	0.370777	0.78532	1.24401	1.95061	3.29279	0.580303	1.28596	3.55404	0.598843	2.28408	0.657824	1.40904	0.963367	0.886061	0.358769	1.11033	1.24227	2.11703	7.8586	0.0966912	115000	2.85361
chr17_0_5000-chr17_125000_130000	1.16313	2.54034	0.539709	2.71021	0.881052	0.714904	0.435131	0.780275	0.268445	1.57645	0.881736	2.15069	3.45443	0.01	0.814721	3.37704	0.453757	2.97762	0.908418	0.597879	0.300094	0.970203	0.370784	1.44622	1.68504	2.34406	3.64288	0.01	1.26352	3.47264	0.586833	2.24205	0.65526	1.37578	0.942408	0.881827	0.359269	1.09678	1.24234	2.11009	7.66836	0.116842	120000	4.11095
chr17_0_5000-chr17_130000_135000	1.16313	2.54034	0.539709	2.71021	0.881052	0.714904	0.435131	0.780275	0.268445	1.57645	0.881736	2.15069	3.45443	0.01	1.18256	4.76189	0.450879	2.02381	0.669305	0.932187	0.460422	0.901461	0.337348	0.944441	1.59706	2.88543	4.02944	0.01	1.24557	3.46881	0.58151	2.27148	0.665386	1.34466	0.916716	0.885362	0.35973	1.11076	1.26005	2.11945	7.50734	0.112568	125000	3.691
chr17_0_5000-chr17_135000_140000	1.16313	2.54034	0.539709	2.71021	0.881052	0.714904	0.435131	0.780275	0.268445	1.57645	0.881736	2.15069	3.45443	0.01	0.797581	2.64242	0.376457	1.14252	0.3701	0.964182	0.849042	0.364856	0.187197	0.621598	0.300557	1.37659	6.60946	0.01	1.24314	3.51855	0.576486	2.26195	0.665537	1.3288	0.899166	0.885982	0.358869	1.10437	1.27301	2.14891	7.37357	0.108623	130000	3.55455
chr17_0_5000-chr17_140000_145000	1.16313	2.54034	0.539709	2.71021	0.881052	0.714904	0.435131	0.780275	0.268445	1.57645	0.881736	2.15069	3.45443	0.01	0.808274	3.45775	0.588276	2.81526	0.842539	0.687823	0.61023	1.02133	0.231122	1.13372	0.591231	2.18327	4.25234	0.01	1.22664	3.4861	0.569077	2.22049	0.654595	1.31529	0.897309	0.866681	0.352511	1.08648	1.23699	2.12031	7.34527	0.10497	135000	4.08209
chr17_0_5000-chr17_145000_150000	1.16313	2.54034	0.539709	2.71021	0.881052	0.714904	0.435131	0.780275	0.268445	1.57645	0.881736	2.15069	3.45443	0.01	0.884437	2.4443	0.2419	1.61006	0.666402	0.554591	0.383495	0.350589	0.378918	0.70132	0.736572	1.79253	6.68235	0.01	1.2117	3.48509	0.569763	2.24173	0.661307	1.29288	0.887057	0.872204	0.348175	1.08817	1.21393	2.12256	7.23481	0.101579	140000	3.82161
chr17_0_5000-chr17_150000_155000	1.16313	2.54034	0.539709	2.71021	0.881052	0.714904	0.435131	0.780275	0.268445	1.57645	0.881736	2.15069	3.45443	0.01	1.11249	2.34438	0.642603	4.35658	0.845105	0.859477	1.0053	0.965073	0.558206	1.10286	0.95427	2.07142	5.57764	0.01	1.20041	3.4492	0.558457	2.21995	0.661483	1.26742	0.869692	0.854217	0.349235	1.07483	1.19747	2.11118	7.21576	0.0984207	145000	3.75425
chr17_0_5000-chr17_15000_20000	1.16313	2.54034	0.539709	2.71021	0.881052	0.714904	0.435131	0.780275	0.268445	1.57645	0.881736	2.15069	3.45443	0.01	0.631821	1.96487	0.356414	1.28188	0.340277	1.73117	0.869143	1.06351	0.370784	0.40558	1.24431	1.22948	5.13547	0.01	3.54371	5.95688	0.502284	2.31991	0.634845	2.30208	0.90756	0.731434	0.373857	1.62597	1.17261	2.23975	5.8458	0.01	10000	4.87601
chr17_0_5000-chr17_155000_160000	1.16313	2.54034	0.539709	2.71021	0.881052	0.714904	0.435131	0.780275	0.268445	1.57645	0.881736	2.15069	3.45443	0.01	11.9775	3.64749	0.376457	1.81859	0.48526	0.854707	0.869143	0.706539	0.589705	1.19051	0.663782	2.56105	17.505	0.01	1.19748	3.41237	0.561262	2.29117	0.667604	1.25383	0.874213	0.857912	0.356201	1.07577	1.18936	2.10985	7.16116	0.0954734	150000	3.69777
chr17_0_5000-chr17_160000_165000	1.16313	2.54034	0.539709	2.71021	0.881052	0.714904	0.435131	0.780275	0.268445	1.57645	0.881736	2.15069	3.45443	0.01	1.35221	2.3936	0.296261	1.66314	0.892558	1.37726	0.820969	1.00881	0.155888	0.70132	1.09962	2.63359	7.83192	0.01	1.54523	3.41995	0.555301	2.27593	0.661721	1.24095	0.874049	0.853029	0.363733	1.07947	1.17241	2.12441	7.49483	0.0927162	155000	3.97931
chr17_0_5000-chr17_165000_170000	1.16313	2.54034	0.539709	2.71021	0.881052	0.714904	0.435131	0.780275	0.268445	1.57645	0.881736	2.15069	3.45443	0.01	1.14106	0.806882	0.800103	0.981592	0.694024	0.477039	0.436335	1.09843	0.191422	0.413294	2.83115	1.91787	1.82184	0.01	1.53919	3.38788	0.547206	2.25678	0.668935	1.24521	0.87239	0.857897	0.357238	1.06765	1.17014	2.14032	7.50536	0.0901313	160000	3.52011
chr17_0_5000-chr17_175000_180000	1.16313	2.54034	0.539709	2.71021	0.881052	0.714904	0.435131	0.780275	0.268445	1.57645	0.881736	2.15069	3.45443	0.01	1.14553	3.21541	0.70283	1.75143	0.649902	0.70972	0.625414	1.11652	0.457891	1.34026	0.979742	2.33165	5.44059	0.01	1.49703	3.28583	0.550716	2.21791	0.665549	1.20245	0.862059	0.86712	0.351716	1.0397	1.20821	2.15046	7.4357	0.0854177	170000	3.90373
chr17_0_5000-chr17_180000_185000	1.16313	2.54034	0.539709	2.71021	0.881052	0.714904	0.435131	0.780275	0.268445	1.57645	0.881736	2.15069	3.45443	0.01	0.793283	3.64077	0.201814	2.79048	0.63596	1.15991	0.163854	0.585067	0.339394	1.40097	0.97991	2.93393	5.22475	0.01	1.48699	3.28382	0.555062	2.20458	0.665102	1.18838	0.855298	0.874246	0.35475	1.04828	1.20168	2.15563	7.37869	0.0832629	175000	3.86722
chr17_0_5000-chr17_190000_195000	1.16313	2.54034	0.539709	2.71021	0.881052	0.714904	0.435131	0.780275	0.268445	1.57645	0.881736	2.15069	3.45443	0.01	0.937655	2.24429	0.376422	1.78158	0.643284	0.996623	0.785688	0.50125	0.2752	0.861451	1.60819	1.10488	5.71189	0.594577	1.44896	3.36097	0.540146	2.25974	0.659171	1.2521	0.872675	0.879804	0.360557	1.06244	1.1949	2.19074	7.33647	0.0793027	185000	3.56867
chr17_0_5000-chr17_195000_200000	1.16313	2.54034	0.539709	2.71021	0.881052	0.714904	0.435131	0.780275	0.268445	1.57645	0.881736	2.15069	3.45443	0.01	0.987925	2.70191	0.490892	2.44805	0.541753	0.711111	0.849114	0.651911	0.297815	1.17649	1.50884	2.0745	0.731791	0.01	1.4355	3.33159	0.535838	2.24716	0.658753	1.24538	0.870386	0.869842	0.358311	1.05715	1.20577	2.16217	7.29372	0.0928626	190000	3.72214
chr17_0_5000-chr17_200000_205000	1.16313	2.54034	0.539709	2.71021	0.881052	0.714904	0.435131	0.780275	0.268445	1.57645	0.881736	2.15069	3.45443	0.01	1.29764	4.10582	0.608357	2.78165	0.916056	1.22559	0.708739	0.682662	0.599814	1.2252	2.21168	2.22356	5.34035	0.01	1.42402	3.31544	0.534685	2.25231	0.655753	1.23168	0.86984	0.864254	0.356759	1.06021	1.21354	2.15992	7.12547	0.0907379	195000	3.42477
chr17_0_5000-chr17_20000_25000	1.16313	2.54034	0.539709	2.71021	0.881052	0.714904	0.435131	0.780275	0.268445	1.57645	0.881736	2.15069	3.45443	0.01	0.732502	4.05669	0.588315	2.56977	0.34885	0.615587	0.436335	1.01045	0.489376	0.492881	0.627078	1.96151	75.6253	0.01	2.57308	4.62621	0.453661	1.9739	0.536655	2.11178	0.894755	0.842126	0.372832	1.21917	1.19651	1.90299	5.60902	0.01	15000	4.8556
chr17_0_5000-chr17_205000_210000	1.16313	2.54034	0.539709	2.71021	0.881052	0.714904	0.435131	0.780275	0.268445	1.57645	0.881736	2.15069	3.45443	0.01	0.75425	2.33704	0.568214	1.1875	0.565254	0.504	0.614227	0.855559	0.372837	0.530203	1.92893	1.16668	4.81581	0.540689	1.42086	3.3352	0.536527	2.26555	0.662261	1.23152	0.865813	0.859715	0.362836	1.06434	1.2385	2.16151	7.08084	0.0887195	200000	3.85152
chr17_0_5000-chr17_210000_215000	1.16313	2.54034	0.539709	2.71021	0.881052	0.714904	0.435131	0.780275	0.268445	1.57645	0.881736	2.15069	3.45443	0.01	0.544849	1.63418	0.478612	1.18739	0.407194	0.894203	0.869143	0.727242	0.447805	0.722888	1.86842	1.47315	10.1632	0.01	1.40461	3.31086	0.5373	2.23925	0.659895	1.21378	0.859677	0.859613	0.36308	1.05131	1.25534	2.13725	7.02559	0.0997431	205000	3.5528
chr17_0_5000-chr17_220000_225000	1.16313	2.54034	0.539709	2.71021	0.881052	0.714904	0.435131	0.780275	0.268445	1.57645	0.881736	2.15069	3.45443	0.01	1.33849	1.65488	0.259071	1.76172	0.963092	0.692886	0.785742	0.921403	0.631211	1.69866	1.82615	2.00117	3.28617	0.01	1.38324	3.22757	0.534678	2.20874	0.663199	1.21809	0.869358	0.87023	0.367798	1.04651	1.33766	2.1223	6.95422	0.095569	215000	4.07454
chr17_0_5000-chr17_230000_235000	1.16313	2.54034	0.539709	2.71021	0.881052	0.714904	0.435131	0.780275	0.268445	1.57645	0.881736	2.15069	3.45443	0.01	1.39689	4.01278	0.450829	2.90801	0.545852	1.35255	1.10833	0.73177	0.412368	1.25905	1.31958	3.54564	3.96071	0.01	1.37157	3.16572	0.522047	2.19728	0.667094	1.20107	0.858021	0.865713	0.372885	1.06204	1.33839	2.11827	6.77256	0.091766	225000	4.13321
chr17_0_5000-chr17_235000_240000	1.16313	2.54034	0.539709	2.71021	0.881052	0.714904	0.435131	0.780275	0.268445	1.57645	0.881736	2.15069	3.45443	0.01	4.64498	7.28785	0.585407	3.66005	0.549065	1.48684	5.50494	3.16853	0.666741	1.84917	1.5968	2.16863	10.647	0.01	1.37212	3.18413	0.520499	2.21273	0.664458	1.20436	0.863463	0.862801	0.373744	1.06632	1.33798	2.1493	6.71143	0.0899884	230000	4.12323
chr17_0_5000-chr17_240000_245000	1.16313	2.54034	0.539709	2.71021	0.881052	0.714904	0.435131	0.780275	0.268445	1.57645	0.881736	2.15069	3.45443	0.01	1.44325	2.07676	0.871605	1.74716	1.01278	1.87645	1.73915	1.52588	0.591746	2.02915	1.42035	1.90762	6.78234	0.01	1.44176	3.27144	0.52188	2.24352	0.662003	1.21037	0.962218	0.911859	0.379978	1.08298	1.34348	2.14971	6.79516	0.0882866	235000	4.24172
chr17_0_5000-chr17_245000_250000	1.16313	2.54034	0.539709	2.71021	0.881052	0.714904	0.435131	0.780275	0.268445	1.57645	0.881736	2.15069	3.45443	0.01	1.15656	1.81859	0.723032	0.733116	3.35515	0.954784	0.869089	1.18659	0.992018	1.37391	1.06805	2.04402	1.26142	0.01	1.44179	3.24656	0.529166	2.23318	0.669311	1.22425	0.978404	0.924652	0.38439	1.10269	1.34509	2.14467	6.7949	0.0866556	240000	3.48072
chr17_0_5000-chr17_250000_255000	1.16313	2.54034	0.539709	2.71021	0.881052	0.714904	0.435131	0.780275	0.268445	1.57645	0.881736	2.15069	3.45443	0.01	0.943406	1.60987	0.548068	0.790665	5.21493	0.941802	0.341791	0.81524	1.72169	0.985979	0.778198	2.98196	0.518467	0.01	1.43597	3.21741	0.533122	2.20257	0.724124	1.21875	0.976173	0.929997	0.39679	1.10822	1.33943	2.14261	6.68197	0.0850912	245000	4.02133
chr17_0_5000-chr17_25000_30000	1.16313	2.54034	0.539709	2.71021	0.881052	0.714904	0.435131	0.780275	0.268445	1.57645	0.881736	2.15069	3.45443	0.01	1.4228	6.39536	0.450872	5.49969	0.600687	0.881374	0.708816	0.78029	0.301895	1.56504	1.24436	3.46177	8.04247	0.80566	2.11294	4.48383	0.487324	2.12287	0.489704	1.73773	0.78015	0.884207	0.401968	1.0376	1.05415	1.91762	23.1131	0.01	20000	4.76591
chr17_0_5000-chr17_255000_260000	1.16313	2.54034	0.539709	2.71021	0.881052	0.714904	0.435131	0.780275	0.268445	1.57645	0.881736	2.15069	3.45443	0.01	1.22154	9.98402	4.60072	0.735031	2.57221	3.85157	7.73159	7.15374	6.93183	7.6502	0.970113	2.6401	3.73473	0.01	1.42612	3.18526	0.533421	2.17433	0.81394	1.21321	0.963485	0.927702	0.423288	1.10578	1.32821	2.1594	6.5587	0.0835894	250000	3.87036
chr17_0_5000-chr17_265000_270000	1.16313	2.54034	0.539709	2.71021	0.881052	0.714904	0.435131	0.780275	0.268445	1.57645	0.881736	2.15069	3.45443	0.01	3.34193	4.15257	35.2362	1.21147	1.75838	11.5692	21.0418	13.1859	5.39209	19.789	2.47861	0.918643	3.73999	0.750889	1.56935	3.35787	0.694848	2.13155	0.892425	1.39791	1.40293	1.2252	0.743783	1.36039	1.32552	2.18254	6.47963	0.0928993	260000	3.12225
chr17_0_5000-chr17_270000_275000	1.16313	2.54034	0.539709	2.71021	0.881052	0.714904	0.435131	0.780275	0.268445	1.57645	0.881736	2.15069	3.45443	0.01	0.984733	1.44658	0.798817	2.45478	0.983415	2.36606	0.961479	1.2492	0.575943	1.87082	1.82593	1.77231	3.75425	0.01	1.6028	3.37287	1.34657	2.11419	0.908763	1.58982	1.77348	1.45088	0.831487	1.7081	1.34727	2.15869	6.42794	0.105314	265000	3.54847
chr17_0_5000-chr17_275000_280000	1.16313	2.54034	0.539709	2.71021	0.881052	0.714904	0.435131	0.780275	0.268445	1.57645	0.881736	2.15069	3.45443	0.01	0.977906	0.869614	0.873028	0.87483	1.20226	1.61514	1.59056	1.42212	0.370784	1.07357	4.77038	1.13872	1.31043	0.01	1.59135	3.33719	1.33643	2.1205	0.910146	1.6042	1.75844	1.44714	0.826755	1.71111	1.35614	2.15153	6.37843	0.103549	270000	2.9448
chr17_0_5000-chr17_285000_290000	1.16313	2.54034	0.539709	2.71021	0.881052	0.714904	0.435131	0.780275	0.268445	1.57645	0.881736	2.15069	3.45443	0.01	1.7352	1.22023	0.642654	1.7344	1.78154	1.00824	0.441268	1.04968	0.879405	0.969874	4.68189	1.58453	0.618643	0.01	1.56785	3.25467	1.31065	2.07609	0.918408	1.59399	1.73032	1.43708	0.809909	1.68323	1.43715	2.12577	6.22702	0.100208	280000	3.5073
chr17_0_5000-chr17_290000_295000	1.16313	2.54034	0.539709	2.71021	0.881052	0.714904	0.435131	0.780275	0.268445	1.57645	0.881736	2.15069	3.45443	0.01	1.09131	1.92618	0.376457	1.21523	3.25692	0.881409	0.90437	1.03796	1.14201	0.919515	1.31768	2.13288	3.33588	0.01	1.57079	3.21897	1.29893	2.0701	0.933551	1.58371	1.70771	1.43028	0.811128	1.67072	1.49407	2.11628	6.12862	0.0986255	285000	3.33491
chr17_0_5000-chr17_295000_300000	1.16313	2.54034	0.539709	2.71021	0.881052	0.714904	0.435131	0.780275	0.268445	1.57645	0.881736	2.15069	3.45443	0.01	0.464635	0.385489	0.373567	0.119402	0.542356	0.605451	0.341795	0.459977	0.749696	0.581051	0.393908	0.497538	1.09409	0.01	1.56252	3.19669	1.28303	2.05536	0.973609	1.5716	1.69386	1.42352	0.816833	1.65776	1.49103	2.11656	6.08047	0.0970974	290000	2.64891
chr17_0_5000-chr17_35000_40000	1.16313	2.54034	0.539709	2.71021	0.881052	0.714904	0.435131	0.780275	0.268445	1.57645	0.881736	2.15069	3.45443	0.01	1.64339	5.04906	2.94198	2.34977	1.08032	6.57495	5.59539	2.57361	0.516704	2.34751	2.0377	1.52168	3.13428	0.01	1.7638	5.31973	0.431606	2.92756	0.53938	1.55514	0.765	0.853977	0.368611	1.08231	1.16159	2.20243	18.556	0.14261	30000	4.57156
chr17_0_5000-chr17_400000_405000	1.16313	2.54034	0.539709	2.71021	0.881052	0.714904	0.435131	0.780275	0.268445	1.57645	0.881736	2.15069	3.45443	0.01	1.56506	3.68637	3.86248	2.51605	0.730493	8.96305	7.53366	3.09055	0.954447	2.47801	1.25825	2.42721	1.98327	0.01	1.17154	2.37791	0.966623	1.53481	0.733531	1.21473	1.287	1.06714	0.615365	1.24447	1.11921	1.5873	4.50708	0.0739449	395000	3.248
chr17_0_5000-chr17_40000_45000	1.16313	2.54034	0.539709	2.71021	0.881052	0.714904	0.435131	0.780275	0.268445	1.57645	0.881736	2.15069	3.45443	0.01	0.610429	2.33737	0.625529	0.981596	0.436387	0.631061	0.4122	0.436236	0.33332	0.825839	1.77327	0.787305	3.22997	0.01	1.7466	5.28106	0.79023	2.84502	0.616657	2.27225	1.45506	1.09964	0.389767	1.26305	1.28675	2.10518	16.3529	0.123666	35000	3.69477
chr17_0_5000-chr17_405000_410000	1.16313	2.54034	0.539709	2.71021	0.881052	0.714904	0.435131	0.780275	0.268445	1.57645	0.881736	2.15069	3.45443	0.01	0.655939	0.959141	1.18078	1.62494	0.912285	1.15301	2.67637	1.91243	0.56434	2.01513	1.15624	1.2626	0.01	0.01	1.17646	2.39427	1.00282	1.54707	0.733493	1.31159	1.36508	1.09243	0.619604	1.25989	1.12095	1.5978	4.47553	0.0731456	400000	2.89097
chr17_0_5000-chr17_410000_415000	1.16313	2.54034	0.539709	2.71021	0.881052	0.714904	0.435131	0.780275	0.268445	1.57645	0.881736	2.15069	3.45443	0.01	1.1411	2.03858	0.190753	1.94011	0.865688	0.826068	0.666994	1.50169	0.410337	0.861496	2.74275	1.52704	3.80793	0.01	1.17004	2.37655	1.00502	1.54803	0.735701	1.30963	1.38127	1.10255	0.618922	1.26921	1.12139	1.59366	4.4204	0.0723661	405000	2.72896
chr17_0_5000-chr17_415000_420000	1.16313	2.54034	0.539709	2.71021	0.881052	0.714904	0.435131	0.780275	0.268445	1.57645	0.881736	2.15069	3.45443	0.01	0.892852	1.78974	0.461947	0.844434	1.04679	0.959196	0.732844	0.902739	0.593739	0.812731	1.1562	2.90029	15.1519	0.01	1.16968	2.37243	0.995088	1.55281	0.737286	1.30373	1.37256	1.10742	0.616378	1.26424	1.14116	1.59285	4.41293	0.0716055	410000	2.85696
chr17_0_5000-chr17_420000_425000	1.16313	2.54034	0.539709	2.71021	0.881052	0.714904	0.435131	0.780275	0.268445	1.57645	0.881736	2.15069	3.45443	0.01	1.15675	1.5609	1.24339	1.20223	5.25262	0.692835	0.306568	0.609015	0.589667	1.12073	0.891669	2.42855	0.625397	0.01	1.16635	2.36541	0.988665	1.54428	0.741015	1.29958	1.36485	1.10496	0.616105	1.2588	1.14134	1.6086	4.54232	0.0708633	415000	2.98971
chr17_0_5000-chr17_425000_430000	1.16313	2.54034	0.539709	2.71021	0.881052	0.714904	0.435131	0.780275	0.268445	1.57645	0.881736	2.15069	3.45443	0.01	1.89598	1.47922	1.9255	0.69228	5.49853	2.99261	0.987696	1.85586	0.998143	1.16729	1.16209	2.36909	0.01	0.01	1.16623	2.35583	0.991697	1.54021	0.794725	1.29236	1.35226	1.09905	0.61579	1.25716	1.13837	1.61836	4.49569	0.0701387	420000	2.47346
chr17_0_5000-chr17_430000_435000	1.16313	2.54034	0.539709	2.71021	0.881052	0.714904	0.435131	0.780275	0.268445	1.57645	0.881736	2.15069	3.45443	0.01	1.38224	1.08677	0.834459	0.92159	4.02986	0.929659	1.02286	0.729996	0.629211	0.95674	1.35427	1.96056	1.11268	0.01	1.17482	2.34552	1.00268	1.53023	0.850063	1.31236	1.34797	1.10796	0.620289	1.2561	1.13865	1.62719	4.44291	0.0694312	425000	3.09314
chr17_0_5000-chr17_435000_440000	1.16313	2.54034	0.539709	2.71021	0.881052	0.714904	0.435131	0.780275	0.268445	1.57645	0.881736	2.15069	3.45443	0.01	1.16953	0.79357	1.31826	0.644867	7.54524	0.615313	0.460401	0.68264	0.62607	1.47523	0.786467	1.51092	1.7527	0.01	1.17723	2.33088	1.00073	1.52315	0.887038	1.30791	1.34419	1.10356	0.620392	1.25262	1.14115	1.63107	4.40419	0.0687401	430000	3.19505
chr17_0_5000-chr17_440000_445000	1.16313	2.54034	0.539709	2.71021	0.881052	0.714904	0.435131	0.780275	0.268445	1.57645	0.881736	2.15069	3.45443	0.01	1.49788	1.31741	1.89365	1.10401	5.35392	2.18134	0.803278	1.13883	0.526024	1.66785	0.715321	3.18257	2.46931	0.01	1.17714	2.31321	1.00438	1.51306	0.963569	1.29995	1.33403	1.09872	0.620458	1.25518	1.13708	1.62969	4.37371	0.068065	435000	3.44216
chr17_0_5000-chr17_445000_450000	1.16313	2.54034	0.539709	2.71021	0.881052	0.714904	0.435131	0.780275	0.268445	1.57645	0.881736	2.15069	3.45443	0.01	1.93238	1.7656	1.50725	0.885079	4.01862	2.80835	2.37105	1.40121	0.856171	1.03084	1.39026	1.40231	1.61627	0.01	1.18079	2.30189	1.01448	1.50841	1.01346	1.30997	1.328	1.09918	0.619385	1.25987	1.13229	1.64733	4.35207	0.0674051	440000	3.24148
chr17_0_5000-chr17_450000_455000	1.16313	2.54034	0.539709	2.71021	0.881052	0.714904	0.435131	0.780275	0.268445	1.57645	0.881736	2.15069	3.45443	0.01	1.31996	1.87186	1.33544	0.378997	5.03038	0.787255	0.942512	1.04842	0.733636	1.60996	1.53567	2.14085	4.80989	0.01	1.18923	2.29587	1.02002	1.50141	1.04723	1.3268	1.33972	1.10257	0.622045	1.25729	1.13518	1.64458	4.32133	0.0667601	445000	2.82415
chr17_0_5000-chr17_45000_50000	1.16313	2.54034	0.539709	2.71021	0.881052	0.714904	0.435131	0.780275	0.268445	1.57645	0.881736	2.15069	3.45443	0.01	1.72075	3.36113	0.682712	5.94941	1.0495	1.37053	1.1943	0.965956	0.187373	1.5619	1.60822	2.93361	3.21844	0.01	1.60457	4.9131	0.769643	2.61209	0.594123	2.06711	1.3247	1.01671	0.382711	1.2084	1.34757	1.94045	14.7125	0.109457	40000	4.66916
chr17_0_5000-chr17_460000_465000	1.16313	2.54034	0.539709	2.71021	0.881052	0.714904	0.435131	0.780275	0.268445	1.57645	0.881736	2.15069	3.45443	0.01	1.90679	2.42761	1.60303	0.968616	7.59143	1.48491	0.921886	1.35096	0.89772	1.29461	0.891704	1.76798	0.700326	0.01	1.2003	2.28766	1.0367	1.48322	1.1495	1.33079	1.33083	1.10563	0.626189	1.25912	1.1346	1.65308	4.28562	0.0655126	455000	3.12708
chr17_0_5000-chr17_465000_470000	1.16313	2.54034	0.539709	2.71021	0.881052	0.714904	0.435131	0.780275	0.268445	1.57645	0.881736	2.15069	3.45443	0.01	1.85212	1.2181	1.0324	0.679342	4.62944	1.04104	0.90437	0.810942	0.670813	1.00374	0.736427	2.65482	1.11236	0.01	1.20798	2.28918	1.04286	1.47762	1.21952	1.33247	1.32639	1.10829	0.629141	1.25951	1.13196	1.65433	4.24665	0.0649092	460000	2.89812
chr17_0_5000-chr17_470000_475000	1.16313	2.54034	0.539709	2.71021	0.881052	0.714904	0.435131	0.780275	0.268445	1.57645	0.881736	2.15069	3.45443	0.01	1.54582	0.83374	1.22081	0.529129	3.95127	1.99051	0.939445	0.633822	0.447821	1.76941	1.06618	2.51465	2.92192	0.01	1.21491	2.27766	1.04274	1.46904	1.25619	1.32933	1.32185	1.1051	0.629589	1.25676	1.12771	1.66509	4.21295	0.0643188	465000	2.54255
chr17_0_5000-chr17_475000_480000	1.16313	2.54034	0.539709	2.71021	0.881052	0.714904	0.435131	0.780275	0.268445	1.57645	0.881736	2.15069	3.45443	0.01	1.18235	1.01899	0.91458	0.653372	3.48888	0.880554	0.708756	0.693713	0.556279	1.02701	1.46285	2.4122	3.34041	0.01	1.21843	2.2623	1.04464	1.45904	1.28486	1.33637	1.31778	1.10008	0.627655	1.26221	1.12706	1.67412	4.19921	0.063741	470000	2.67396
chr17_0_5000-chr17_480000_485000	1.16313	2.54034	0.539709	2.71021	0.881052	0.714904	0.435131	0.780275	0.268445	1.57645	0.881736	2.15069	3.45443	0.01	1.2328	0.832464	0.822958	1.02234	3.16392	0.710763	0.72633	0.928382	0.737644	1.47297	1.24439	2.68124	0.01	0.01	1.21805	2.24921	1.04327	1.45056	1.30806	1.33157	1.31137	1.09581	0.626904	1.25974	1.13059	1.68189	4.19017	0.0631753	475000	2.9301
chr17_0_5000-chr17_485000_490000	1.16313	2.54034	0.539709	2.71021	0.881052	0.714904	0.435131	0.780275	0.268445	1.57645	0.881736	2.15069	3.45443	0.01	1.61547	1.49964	1.57892	0.681278	4.99007	0.615315	0.827366	0.970125	0.964649	0.976714	1.67516	3.28242	1.86931	0.01	1.2182	2.23446	1.04097	1.4461	1.32739	1.3251	1.30528	1.09406	0.628057	1.26196	1.13178	1.6923	4.14663	0.0626214	480000	1.96069
chr17_0_5000-chr17_495000_500000	1.16313	2.54034	0.539709	2.71021	0.881052	0.714904	0.435131	0.780275	0.268445	1.57645	0.881736	2.15069	3.45443	0.01	1.59999	0.677632	0.279008	0.24177	1.19289	0.276408	0.0693134	0.389222	0.260347	0.389982	0.979722	0.655994	17.3206	0.01	1.22051	2.21198	1.03927	1.42741	1.37186	1.3101	1.29093	1.08679	0.631122	1.25404	1.13255	1.70342	4.08746	0.0615475	490000	1.33531
chr17_0_5000-chr17_500000_505000	1.16313	2.54034	0.539709	2.71021	0.881052	0.714904	0.435131	0.780275	0.268445	1.57645	0.881736	2.15069	3.45443	0.01	0.836853	2.05806	1.14351	0.4884	3.9335	1.3654	0.691202	0.971816	0.589737	1.31716	0.970152	1.7773	3.64599	0.01	1.22434	2.19648	1.03159	1.41543	1.37005	1.29966	1.27859	1.07974	0.627376	1.24532	1.131	1.69284	4.22113	0.0610268	495000	2.36095
chr17_0_5000-chr17_50000_55000	1.16313	2.54034	0.539709	2.71021	0.881052	0.714904	0.435131	0.780275	0.268445	1.57645	0.881736	2.15069	3.45443	0.01	1.11424	5.64162	0.54823	2.10748	0.643917	1.02669	0.572575	0.912893	0.331274	0.878375	0.891439	2.72288	2.01045	0.01	1.61748	4.74066	0.759984	2.98291	0.64472	1.98971	1.31021	1.01107	0.361007	1.24768	1.37653	2.0508	13.4354	0.0984066	45000	4.2593
chr17_0_5000-chr17_5000_10000	1.16313	2.54034	0.539709	2.71021	0.881052	0.714904	0.435131	0.780275	0.268445	1.57645	0.881736	2.15069	3.45443	0.01	0.865063	2.87524	0.379039	2.22835	0.68038	0.83982	0.418721	0.757967	0.228921	1.25034	1.15633	1.91867	3.39809	0.01	0.01	0.01	0.01	0.01	0.01	0.01	0.01	0.01	0.01	0.01	0.01	0.01	0.01	0.01	0	6.18687
chr17_0_5000-chr17_505000_510000	1.16313	2.54034	0.539709	2.71021	0.881052	0.714904	0.435131	0.780275	0.268445	1.57645	0.881736	2.15069	3.45443	0.01	1.68075	2.99733	1.33553	1.0354	5.06972	1.49838	0.750516	0.890539	0.542656	1.6142	0.874224	2.38285	3.28519	0.01	1.22047	2.1951	1.03271	1.40616	1.39568	1.30032	1.27271	1.07867	0.627	1.24603	1.12939	1.69368	4.21537	0.0605165	500000	3.08761
chr17_0_5000-chr17_520000_525000	1.16313	2.54034	0.539709	2.71021	0.881052	0.714904	0.435131	0.780275	0.268445	1.57645	0.881736	2.15069	3.45443	0.01	1.52983	1.20644	1.22096	0.81843	5.19091	0.960031	0.401105	0.93993	0.554373	0.794242	4.2409	2.13293	1.21548	0.01	1.22847	2.19867	1.10549	1.38953	1.4859	1.32035	1.26072	1.07949	0.644116	1.26301	1.17248	1.7024	4.15271	0.0590452	515000	1.98636
chr17_0_5000-chr17_525000_530000	1.16313	2.54034	0.539709	2.71021	0.881052	0.714904	0.435131	0.780275	0.268445	1.57645	0.881736	2.15069	3.45443	0.01	1.65155	1.28069	0.831543	0.749776	7.68797	0.971928	0.75046	0.611579	0.936032	1.23589	1.09959	2.31013	2.5038	0.01	1.23136	2.18912	1.1066	1.38404	1.52152	1.31688	1.25246	1.07815	0.643253	1.2585	1.20198	1.70654	4.12447	0.0585736	520000	2.37502
chr17_0_5000-chr17_530000_535000	1.16313	2.54034	0.539709	2.71021	0.881052	0.714904	0.435131	0.780275	0.268445	1.57645	0.881736	2.15069	3.45443	0.01	1.95428	2.6093	2.24883	0.814636	7.49722	2.00159	0.785709	1.22688	1.25645	1.31345	1.82619	1.95466	2.4057	0.01	1.23537	2.18047	1.10398	1.378	1.58025	1.3136	1.24768	1.07371	0.646042	1.25828	1.201	1.71229	4.10903	0.058111	525000	2.34901
chr17_0_5000-chr17_535000_540000	1.16313	2.54034	0.539709	2.71021	0.881052	0.714904	0.435131	0.780275	0.268445	1.57645	0.881736	2.15069	3.45443	0.01	1.11939	1.43778	0.865519	0.84426	2.43734	0.6102	0.264867	0.545808	0.416417	0.890128	0.874176	1.1683	0.01	0.01	1.24215	2.18452	1.11478	1.37268	1.63607	1.32009	1.24332	1.07515	0.6518	1.25881	1.2069	1.71457	4.09296	0.0576571	530000	3.24091
chr17_0_5000-chr17_550000_555000	1.16313	2.54034	0.539709	2.71021	0.881052	0.714904	0.435131	0.780275	0.268445	1.57645	0.881736	2.15069	3.45443	0.01	1.27094	1.50263	0.737115	0.799973	6.03788	0.726576	0.537348	1.39985	0.852088	1.32266	2.03781	2.35567	1.68214	0.01	1.24029	2.15669	1.10228	1.36154	1.7014	1.30411	1.21812	1.0688	0.649914	1.24457	1.24012	1.70423	3.98626	0.0563454	545000	2.85024
chr17_0_5000-chr17_55000_60000	1.16313	2.54034	0.539709	2.71021	0.881052	0.714904	0.435131	0.780275	0.268445	1.57645	0.881736	2.15069	3.45443	0.01	1.21729	3.25427	0.5511	2.46581	0.766744	0.509017	0.655976	0.917067	0.41031	0.87123	1.86149	2.34473	4.95737	0.01	1.56716	4.83075	0.738808	2.89536	0.64464	1.89341	1.23645	1.00126	0.358033	1.21075	1.32802	2.11801	12.2929	0.089566	50000	4.22805
chr17_0_5000-chr17_555000_560000	1.16313	2.54034	0.539709	2.71021	0.881052	0.714904	0.435131	0.780275	0.268445	1.57645	0.881736	2.15069	3.45443	0.01	1.67937	2.54651	0.605468	1.0651	7.80572	0.692799	0.495648	1.15381	0.881544	1.71584	0.682174	2.03186	3.51461	0.01	1.24057	2.15075	1.09896	1.35644	1.74082	1.29886	1.21194	1.07181	0.651752	1.24528	1.24737	1.71015	3.96532	0.0559241	550000	3.22782
chr17_0_5000-chr17_560000_565000	1.16313	2.54034	0.539709	2.71021	0.881052	0.714904	0.435131	0.780275	0.268445	1.57645	0.881736	2.15069	3.45443	0.01	0.943123	2.16481	1.94819	0.883225	5.21899	2.4071	1.67256	1.24392	0.948872	1.65896	1.25905	2.42744	0.599236	0.679703	1.24452	2.15431	1.09452	1.35381	1.79546	1.2934	1.20548	1.07255	0.653823	1.24952	1.24228	1.71305	3.96126	0.0555104	555000	3.06375
chr17_0_5000-chr17_570000_575000	1.16313	2.54034	0.539709	2.71021	0.881052	0.714904	0.435131	0.780275	0.268445	1.57645	0.881736	2.15069	3.45443	0.01	1.54519	2.07746	0.837366	0.666349	5.63006	0.731667	0.902871	0.943676	1.29005	1.52894	0.627254	1.97604	2.13096	0.01	1.24344	2.15376	1.11173	1.34988	1.84652	1.31881	1.21014	1.08063	0.661154	1.25424	1.24511	1.7197	3.91813	0.0606314	565000	3.31883
chr17_0_5000-chr17_580000_585000	1.16313	2.54034	0.539709	2.71021	0.881052	0.714904	0.435131	0.780275	0.268445	1.57645	0.881736	2.15069	3.45443	0.01	1.68532	1.27761	1.10487	0.553406	5.30007	1.06533	1.14154	0.970162	2.24927	1.63507	0.874144	2.00136	2.97787	0.01	1.24532	2.15275	1.10994	1.34242	1.91844	1.31169	1.20414	1.08314	0.681395	1.259	1.2382	1.72982	3.89023	0.0597509	575000	2.92059
chr17_0_5000-chr17_585000_590000	1.16313	2.54034	0.539709	2.71021	0.881052	0.714904	0.435131	0.780275	0.268445	1.57645	0.881736	2.15069	3.45443	0.01	2.10279	2.21236	1.84806	0.898161	6.18784	1.89656	1.45574	1.24571	2.84265	1.52453	1.5968	3.05891	0.612212	0.01	1.24911	2.1452	1.1099	1.33562	1.94759	1.30956	1.2036	1.08217	0.694911	1.26225	1.23506	1.73216	3.88237	0.059322	580000	3.44689
chr17_0_5000-chr17_590000_595000	1.16313	2.54034	0.539709	2.71021	0.881052	0.714904	0.435131	0.780275	0.268445	1.57645	0.881736	2.15069	3.45443	0.01	2.33599	0.847978	1.76347	0.885169	7.2396	1.57914	0.631767	1.39374	1.83829	1.82805	1.3901	2.64712	3.04385	0.01	1.25641	2.14578	1.11621	1.33188	1.98383	1.31458	1.20575	1.08356	0.713268	1.26449	1.23815	1.7435	3.85442	0.0589005	585000	3.63005
chr17_0_5000-chr17_595000_600000	1.16313	2.54034	0.539709	2.71021	0.881052	0.714904	0.435131	0.780275	0.268445	1.57645	0.881736	2.15069	3.45443	0.01	1.59162	1.08677	0.682709	0.735031	8.25104	0.873934	0.655939	0.890603	1.02549	1.25757	0.538991	2.47782	0.588316	0.01	1.26556	2.13478	1.12169	1.3281	2.02837	1.31682	1.20089	1.08619	0.722802	1.26926	1.23944	1.75115	3.84755	0.058486	590000	3.50362
chr17_0_5000-chr17_600000_605000	1.16313	2.54034	0.539709	2.71021	0.881052	0.714904	0.435131	0.780275	0.268445	1.57645	0.881736	2.15069	3.45443	0.01	5.21669	2.16396	0.911816	1.02241	7.64685	1.37561	0.76807	1.1473	2.04691	1.48507	0.778198	2.93159	4.00492	0.01	1.2683	2.12597	1.118	1.32311	2.08066	1.3131	1.19631	1.08455	0.725345	1.26917	1.23356	1.75726	3.82016	0.0580786	595000	3.71425
chr17_0_5000-chr17_60000_65000	1.16313	2.54034	0.539709	2.71021	0.881052	0.714904	0.435131	0.780275	0.268445	1.57645	0.881736	2.15069	3.45443	0.01	1.34974	2.98907	0.488101	2.7167	0.832089	0.915461	0.478035	0.886295	0.341381	1.28628	0.762731	2.68708	6.46527	0.01	1.53535	4.68744	0.721744	2.85631	0.65574	1.76755	1.18368	0.993602	0.362786	1.17988	1.37652	2.13862	11.626	0.0823327	55000	4.33807
chr17_0_5000-chr17_605000_610000	1.16313	2.54034	0.539709	2.71021	0.881052	0.714904	0.435131	0.780275	0.268445	1.57645	0.881736	2.15069	3.45443	0.01	1.6204	1.10835	1.68169	0.406823	5.02171	1.8352	0.94607	1.37746	4.29181	2.04681	0.715394	2.58919	2.18908	0.01	1.3012	2.12629	1.11628	1.32061	2.12705	1.31362	1.19274	1.08507	0.736359	1.27097	1.22976	1.76705	3.8217	0.0576779	600000	3.69369
chr17_0_5000-chr17_615000_620000	1.16313	2.54034	0.539709	2.71021	0.881052	0.714904	0.435131	0.780275	0.268445	1.57645	0.881736	2.15069	3.45443	0.01	1.77431	7.03658	7.50752	0.939465	3.01012	5.90303	16.2124	16.5239	17.361	15.4338	1.29334	2.13568	4.95458	0.01	1.30929	2.11243	1.12993	1.31067	2.20841	1.32924	1.1993	1.09361	0.825511	1.28642	1.22422	1.7935	3.81905	0.0568963	610000	3.33379
chr17_0_5000-chr17_620000_625000	1.16313	2.54034	0.539709	2.71021	0.881052	0.714904	0.435131	0.780275	0.268445	1.57645	0.881736	2.15069	3.45443	0.01	1.19334	1.03418	0.830201	1.74456	2.0514	2.52517	2.03565	1.24496	1.42983	2.19497	0.666269	2.01065	1.40747	0.01	1.31307	2.15246	1.18178	1.30765	2.21493	1.36643	1.32136	1.21906	0.959946	1.40144	1.22478	1.79628	3.82828	0.0565151	615000	3.16584
chr17_0_5000-chr17_625000_630000	1.16313	2.54034	0.539709	2.71021	0.881052	0.714904	0.435131	0.780275	0.268445	1.57645	0.881736	2.15069	3.45443	0.01	1.04898	0.891608	0.380666	1.02323	1.044	0.888474	0.341795	0.589247	0.489288	1.11131	0.88178	1.9602	1.64514	1.72663	1.3121	2.14344	1.17895	1.31117	2.21361	1.37577	1.32712	1.21927	0.963736	1.40784	1.22028	1.79801	3.80876	0.0561399	620000	3.35832
chr17_0_5000-chr17_630000_635000	1.16313	2.54034	0.539709	2.71021	0.881052	0.714904	0.435131	0.780275	0.268445	1.57645	0.881736	2.15069	3.45443	0.01	1.85221	1.62702	1.64173	0.856882	1.9219	2.98704	3.99904	2.67448	1.66208	2.58982	0.979722	1.93509	0.653145	0.01	1.31	2.13343	1.17256	1.30887	2.20425	1.37187	1.31924	1.21423	0.95994	1.40547	1.21757	1.79931	3.79145	0.0695039	625000	3.36351
chr17_0_5000-chr17_635000_640000	1.16313	2.54034	0.539709	2.71021	0.881052	0.714904	0.435131	0.780275	0.268445	1.57645	0.881736	2.15069	3.45443	0.01	2.02008	6.16342	7.59175	1.33125	3.99492	4.90824	16.5187	16.1165	12.7125	15.1636	2.18337	2.1813	5.72465	0.01	1.3143	2.12941	1.17628	1.30528	2.20201	1.38469	1.3405	1.22582	0.965513	1.41487	1.21568	1.80038	3.76654	0.0690317	630000	3.2516
chr17_0_5000-chr17_640000_645000	1.16313	2.54034	0.539709	2.71021	0.881052	0.714904	0.435131	0.780275	0.268445	1.57645	0.881736	2.15069	3.45443	0.01	1.75795	4.57067	10.0023	0.823472	7.78098	8.79879	8.38722	5.30005	5.04917	4.27137	1.45016	4.03679	2.22828	0.01	1.31986	2.16117	1.2268	1.30549	2.21613	1.41244	1.46002	1.34307	1.05801	1.52313	1.2233	1.80338	3.78196	0.0685668	635000	3.00028
chr17_0_5000-chr17_645000_650000	1.16313	2.54034	0.539709	2.71021	0.881052	0.714904	0.435131	0.780275	0.268445	1.57645	0.881736	2.15069	3.45443	0.01	1.42948	1.962	1.90845	1.24123	9.4298	2.55796	2.8176	1.88254	8.0746	1.41929	1.78365	5.56566	4.35601	0.01	1.32328	2.18	1.29536	1.30172	2.2596	1.47014	1.51414	1.37399	1.08919	1.5446	1.22507	1.82083	3.76982	0.0681093	640000	2.88198
chr17_0_5000-chr17_655000_660000	1.16313	2.54034	0.539709	2.71021	0.881052	0.714904	0.435131	0.780275	0.268445	1.57645	0.881736	2.15069	3.45443	0.01	11.9382	7.90753	12.2146	0.94083	2.12802	2.13473	10.9568	11.008	6.76055	17.4365	1.8616	1.3843	2.20218	0.01	1.32961	2.18496	1.34442	1.3029	2.35891	1.50632	1.65156	1.49646	1.40918	1.64087	1.24986	1.86837	3.76701	0.0672153	650000	3.18651
chr17_0_5000-chr17_665000_670000	1.16313	2.54034	0.539709	2.71021	0.881052	0.714904	0.435131	0.780275	0.268445	1.57645	0.881736	2.15069	3.45443	0.01	1.44838	1.4068	0.871726	0.844365	6.01601	0.65579	0.774588	0.769937	0.552225	1.64853	0.715433	2.43836	2.58444	1.1139	1.41492	2.22835	1.42658	1.29534	2.39613	1.50831	1.71433	1.56587	1.44493	1.76272	1.25178	1.8626	3.74796	0.0663484	660000	2.87834
chr17_0_5000-chr17_670000_675000	1.16313	2.54034	0.539709	2.71021	0.881052	0.714904	0.435131	0.780275	0.268445	1.57645	0.881736	2.15069	3.45443	0.01	1.31101	1.5124	0.565365	0.790583	8.80983	0.763583	0.324181	0.980494	1.28579	1.3035	0.538986	1.49946	1.41009	0.01	1.41517	2.22217	1.4224	1.29195	2.42334	1.5019	1.70726	1.55989	1.43822	1.76186	1.24775	1.86693	3.73921	0.0742247	665000	2.81344
chr17_0_5000-chr17_675000_680000	1.16313	2.54034	0.539709	2.71021	0.881052	0.714904	0.435131	0.780275	0.268445	1.57645	0.881736	2.15069	3.45443	0.01	1.44949	2.89588	5.70062	1.15128	9.14009	5.61623	3.89601	3.10849	3.59521	3.01308	1.09978	1.84728	2.14808	0.01	1.41439	2.21688	1.41601	1.28821	2.471	1.49639	1.69694	1.55556	1.43708	1.75844	1.24246	1.86419	3.72183	0.0737454	670000	2.14365
chr17_0_5000-chr17_685000_690000	1.16313	2.54034	0.539709	2.71021	0.881052	0.714904	0.435131	0.780275	0.268445	1.57645	0.881736	2.15069	3.45443	0.01	3.06662	7.97645	13.2482	0.692328	4.45765	5.87414	16.7037	26.1971	24.3402	20.0943	1.06815	3.80166	1.28624	0.01	1.41775	2.22654	1.46484	1.28226	2.54692	1.54228	1.76911	1.61177	1.52859	1.79764	1.24142	1.88038	3.68738	0.072808	680000	2.67109
chr17_0_5000-chr17_695000_700000	1.16313	2.54034	0.539709	2.71021	0.881052	0.714904	0.435131	0.780275	0.268445	1.57645	0.881736	2.15069	3.45443	0.01	5.92856	4.44891	0.719923	0.94087	3.78561	1.73634	1.023	0.904429	1.17346	1.4431	0.627078	3.20622	10.0114	0.01	1.4281	2.2665	1.54317	1.27789	2.60065	1.56962	1.87211	1.78836	1.70133	1.928	1.23827	1.90161	3.6473	0.0718977	690000	2.57718
chr17_0_5000-chr17_700000_705000	1.16313	2.54034	0.539709	2.71021	0.881052	0.714904	0.435131	0.780275	0.268445	1.57645	0.881736	2.15069	3.45443	0.01	1.25045	3.94503	0.470913	1.34035	1.05441	0.820901	0.87556	0.811003	0.410343	1.24844	0.518528	2.52739	7.59017	0.01	1.46048	2.2822	1.53724	1.27547	2.60918	1.57082	1.866	1.782	1.69754	1.92451	1.23387	1.911	3.69308	0.0714524	695000	3.05155
chr17_0_5000-chr17_705000_710000	1.16313	2.54034	0.539709	2.71021	0.881052	0.714904	0.435131	0.780275	0.268445	1.57645	0.881736	2.15069	3.45443	0.01	0.884716	4.0804	0.0672571	1.63622	0.558525	0.443353	0.436288	0.448185	0.297823	1.22419	0.450808	1.86207	8.24411	0.01	1.45898	2.29408	1.52963	1.27593	2.59807	1.56546	1.85892	1.77506	1.68834	1.91968	1.22876	1.9154	3.72092	0.0710135	700000	1.89896
chr17_0_5000-chr17_710000_715000	1.16313	2.54034	0.539709	2.71021	0.881052	0.714904	0.435131	0.780275	0.268445	1.57645	0.881736	2.15069	3.45443	0.01	0.660431	2.74523	0.70283	2.1299	1.02993	1.85251	1.35471	0.788779	0.224872	1.30734	2.21381	2.15165	3.27785	0.01	1.4549	2.30675	1.51926	1.27849	2.58361	1.5575	1.84883	1.76565	1.67848	1.91475	1.22325	1.91502	3.753	0.0705808	705000	2.90735
chr17_0_5000-chr17_720000_725000	1.16313	2.54034	0.539709	2.71021	0.881052	0.714904	0.435131	0.780275	0.268445	1.57645	0.881736	2.15069	3.45443	0.01	0.804174	1.77913	0.508099	0.886199	0.554601	1.75313	0.708813	0.957407	0.374869	0.746183	0.591229	1.04547	3.10404	0.01	1.44533	2.31449	1.50946	1.28416	2.55991	1.55986	1.83787	1.75286	1.65971	1.90358	1.23185	1.9206	3.72816	0.0697335	715000	2.64035
chr17_0_5000-chr17_725000_730000	1.16313	2.54034	0.539709	2.71021	0.881052	0.714904	0.435131	0.780275	0.268445	1.57645	0.881736	2.15069	3.45443	0.01	0.976905	5.10673	3.25848	1.4945	0.79218	4.24533	4.26731	2.02973	0.702153	2.23633	1.17235	2.33309	6.82477	0.01	1.44087	2.31077	1.5025	1.2814	2.54598	1.56121	1.83003	1.74733	1.65079	1.89555	1.2274	1.91452	3.72383	0.0693187	720000	2.48275
chr17_0_5000-chr17_730000_735000	1.16313	2.54034	0.539709	2.71021	0.881052	0.714904	0.435131	0.780275	0.268445	1.57645	0.881736	2.15069	3.45443	0.01	1.34234	1.00102	0.548195	1.74224	0.404597	0.691663	0.73285	1.02228	0.593752	0.8297	1.24494	1.80822	0.788279	0.01	1.43768	2.33005	1.51461	1.28287	2.53389	1.57972	1.84683	1.74928	1.64424	1.8979	1.22702	1.91741	3.74521	0.0689096	725000	2.52684
chr17_0_5000-chr17_740000_745000	1.16313	2.54034	0.539709	2.71021	0.881052	0.714904	0.435131	0.780275	0.268445	1.57645	0.881736	2.15069	3.45443	0.01	0.735404	2.32289	0.682786	1.76219	0.539573	0.779362	0.927241	0.839902	0.331453	1.07226	1.59669	1.79251	3.1955	0.01	1.43262	2.31986	1.50067	1.28637	2.50891	1.56815	1.82849	1.73885	1.6285	1.88101	1.22973	1.91763	3.71147	0.0681081	735000	2.6453
