Pair	Ctcf_E	Dnase_E	H3k27ac_E	H3k27me3_E	H3k36me3_E	H3k4me1_E	H3k4me2_E	H3k4me3_E	H3k79me2_E	H3k9ac_E	H3k9me3_E	H4k20me1_E	RAD21_E	TBP_E	Ctcf_P	Dnase_P	H3k27ac_P	H3k27me3_P	H3k36me3_P	H3k4me1_P	H3k4me2_P	H3k4me3_P	H3k79me2_P	H3k9ac_P	H3k9me3_P	H4k20me1_P	RAD21_P	TBP_P	Ctcf_W	Dnase_W	H3k27ac_W	H3k27me3_W	H3k36me3_W	H3k4me1_W	H3k4me2_W	H3k4me3_W	H3k79me2_W	H3k9ac_W	H3k9me3_W	H4k20me1_W	RAD21_W	TBP_W	Distance	Count
chr17_0_5000-chr17_1000000_1005000	1.44805	0.854155	0.66082	1.30949	2.26165	0.32336	0.65661	0.79941	0.4574	0.297805	0.98969	1.26439	3.44076	0.01	0.53653	1.54523	0.602265	2.68038	3.30582	0.678905	0.709385	1.10828	0.37768	0.70618	1.41225	1.63695	1.15549	0.01	1.44205	1.53425	1.20494	1.33197	2.01182	1.19179	1.22186	1.28527	1.01652	1.11393	1.12186	1.31077	3.5088	0.0666339	995000	1.00674
chr17_0_5000-chr17_100000_105000	1.44805	0.854155	0.66082	1.30949	2.26165	0.32336	0.65661	0.79941	0.4574	0.297805	0.98969	1.26439	3.44076	0.01	1.02062	0.797935	0.468885	1.15123	1.77869	0.281055	0.515195	0.60395	0.263735	0.38638	0.75056	1.09538	1.27426	0.01	1.26115	1.14114	0.880827	1.05672	1.65442	0.500418	0.556955	0.790524	0.344997	0.469981	1.06655	1.38432	8.14947	0.0911564	95000	2.22683
chr17_0_5000-chr17_1005000_1010000	1.44805	0.854155	0.66082	1.30949	2.26165	0.32336	0.65661	0.79941	0.4574	0.297805	0.98969	1.26439	3.44076	0.01	0.624535	0.8418	0.81046	2.07598	3.75062	0.82586	0.82053	1.04394	0.39028	0.43552	1.27424	1.7623	1.76595	0.01	1.43752	1.5343	1.20193	1.33871	2.01829	1.18922	1.2193	1.28439	1.01333	1.11189	1.12331	1.3124	3.49704	0.0663507	1e+06	0.92489
chr17_0_5000-chr17_105000_110000	1.44805	0.854155	0.66082	1.30949	2.26165	0.32336	0.65661	0.79941	0.4574	0.297805	0.98969	1.26439	3.44076	0.01	0.82986	0.71042	0.16109	0.86988	1.05464	0.214	0.29379	0.13045	0.0949935	0.47734	0.481625	1.20221	3.51925	0.01	1.24913	1.12398	0.86023	1.06145	1.66063	0.48945	0.554867	0.781196	0.340934	0.465801	1.05075	1.36987	7.80571	0.0870986	100000	2.57308
chr17_0_5000-chr17_110000_115000	1.44805	0.854155	0.66082	1.30949	2.26165	0.32336	0.65661	0.79941	0.4574	0.297805	0.98969	1.26439	3.44076	0.01	0.974765	1.00812	0.79591	2.37484	2.58647	0.629255	0.625345	0.91975	0.456145	0.440475	1.1014	2.19675	2.38961	0.01	1.22916	1.10429	0.826938	1.05232	1.63177	0.476333	0.542435	0.750208	0.329223	0.466351	1.02365	1.36189	7.60159	0.0834272	105000	2.84484
chr17_0_5000-chr17_120000_125000	1.44805	0.854155	0.66082	1.30949	2.26165	0.32336	0.65661	0.79941	0.4574	0.297805	0.98969	1.26439	3.44076	0.01	0.855335	0.80912	0.59415	0.78228	0.87898	0.383085	0.5669	0.681495	0.45728	0.572725	0.804785	0.719775	3.25912	0.520999	1.22605	1.08674	0.821717	1.1534	1.70545	0.502177	0.535922	0.741217	0.336421	0.471714	1.03868	1.41363	7.14294	0.0770423	115000	2.58535
chr17_0_5000-chr17_125000_130000	1.44805	0.854155	0.66082	1.30949	2.26165	0.32336	0.65661	0.79941	0.4574	0.297805	0.98969	1.26439	3.44076	0.01	1.29585	1.12336	0.93577	1.24683	1.01721	0.723775	0.299505	0.735045	0.308535	0.440495	1.3646	1.4746	2.7313	0.01	1.2106	1.07517	0.812235	1.13794	1.67101	0.497214	0.537213	0.738729	0.341457	0.475923	1.02893	1.38472	6.98111	0.0955405	120000	2.88636
chr17_0_5000-chr17_130000_135000	1.44805	0.854155	0.66082	1.30949	2.26165	0.32336	0.65661	0.79941	0.4574	0.297805	0.98969	1.26439	3.44076	0.01	0.730945	0.559625	1.08839	1.33574	2.60962	0.72381	0.509535	0.91854	0.3145	0.583115	1.46448	2.4172	3.62308	0.01	1.21401	1.0771	0.817177	1.14229	1.64486	0.506277	0.527704	0.738581	0.34014	0.474506	1.04236	1.38832	6.81112	0.0921189	125000	2.75621
chr17_0_5000-chr17_135000_140000	1.44805	0.854155	0.66082	1.30949	2.26165	0.32336	0.65661	0.79941	0.4574	0.297805	0.98969	1.26439	3.44076	0.01	1.72315	1.29305	0.31426	1.21844	2.35365	0.112002	0.321009	0.435465	0.35142	0.349495	0.80265	1.76931	6.27618	0.01	1.19543	1.0572	0.827608	1.14973	1.68197	0.514644	0.527006	0.745503	0.339154	0.478683	1.0586	1.42789	6.6885	0.0889604	130000	2.79402
chr17_0_5000-chr17_140000_145000	1.44805	0.854155	0.66082	1.30949	2.26165	0.32336	0.65661	0.79941	0.4574	0.297805	0.98969	1.26439	3.44076	0.01	1.02419	1.1658	0.70936	1.5588	2.67629	0.40782	0.404015	0.316315	0.470595	0.307635	1.03966	2.01359	3.78947	0.01	1.21498	1.06593	0.808595	1.15228	1.70685	0.499731	0.519376	0.73402	0.339608	0.473898	1.04912	1.44054	6.67323	0.086036	135000	2.54591
chr17_0_5000-chr17_145000_150000	1.44805	0.854155	0.66082	1.30949	2.26165	0.32336	0.65661	0.79941	0.4574	0.297805	0.98969	1.26439	3.44076	0.01	1.0593	0.96856	0.72255	1.79124	1.56044	0.23876	0.45679	0.555905	0.35327	0.37653	0.72126	1.47108	5.87974	0.01	1.20816	1.0695	0.805051	1.1668	1.74147	0.496448	0.515256	0.719102	0.344286	0.46796	1.04878	1.461	6.57024	0.0833204	140000	1.22882
chr17_0_5000-chr17_150000_155000	1.44805	0.854155	0.66082	1.30949	2.26165	0.32336	0.65661	0.79941	0.4574	0.297805	0.98969	1.26439	3.44076	0.01	1.00241	0.38359	0.823605	1.1945	3.06959	0.39037	0.59253	0.922345	0.20836	0.57971	0.926355	1.54619	5.17949	0.01	1.20303	1.06602	0.802206	1.18833	1.73523	0.487563	0.51324	0.713474	0.344596	0.464808	1.03749	1.46135	6.54643	0.0807921	145000	2.66894
chr17_0_5000-chr17_15000_20000	1.44805	0.854155	0.66082	1.30949	2.26165	0.32336	0.65661	0.79941	0.4574	0.297805	0.98969	1.26439	3.44076	0.01	0.347575	0.73618	0.78118	0.30729	0.909945	0.57688	0.498245	1.04151	0.48579	0.403375	0.991305	0.86225	4.53561	0.01	5.50665	2.22738	0.647337	1.10908	2.24911	0.458865	0.3041	0.618088	0.300851	0.520496	1.01924	1.44288	4.75445	0.01	10000	2.60216
chr17_0_5000-chr17_160000_165000	1.44805	0.854155	0.66082	1.30949	2.26165	0.32336	0.65661	0.79941	0.4574	0.297805	0.98969	1.26439	3.44076	0.01	1.23513	0.700865	0.872025	0.513465	1.26299	0.348175	0.661125	0.980185	0.36669	0.393735	1.00411	1.9399	7.14769	0.01	1.79006	1.09311	0.804532	1.17704	1.77376	0.493091	0.524339	0.726947	0.344714	0.463951	1.04552	1.46033	6.80205	0.0762249	155000	2.84996
chr17_0_5000-chr17_165000_170000	1.44805	0.854155	0.66082	1.30949	2.26165	0.32336	0.65661	0.79941	0.4574	0.297805	0.98969	1.26439	3.44076	0.01	0.582825	0.686715	0.787206	0.379015	1.4581	0.393125	0.750835	1.41325	0.32891	0.536345	1.93045	2.44693	1.56778	0.01	1.77272	1.08085	0.806641	1.15631	1.7578	0.488563	0.528613	0.734861	0.345401	0.461756	1.04423	1.47531	6.81285	0.0741554	160000	1.49342
chr17_0_5000-chr17_170000_175000	1.44805	0.854155	0.66082	1.30949	2.26165	0.32336	0.65661	0.79941	0.4574	0.297805	0.98969	1.26439	3.44076	0.01	0.925395	1.15208	0.66089	1.81371	2.92375	0.71384	0.58179	0.61608	0.269695	0.484355	1.02248	2.01575	10.0612	0.01	1.73666	1.06891	0.806052	1.13275	1.74872	0.485671	0.535347	0.755418	0.344901	0.464017	1.07108	1.50476	6.65391	0.0722113	165000	1.69055
chr17_0_5000-chr17_185000_190000	1.44805	0.854155	0.66082	1.30949	2.26165	0.32336	0.65661	0.79941	0.4574	0.297805	0.98969	1.26439	3.44076	0.01	0.654295	0.97741	1.34872	1.88976	2.6998	0.99958	1.19549	0.983895	0.50227	0.78486	1.6437	1.6849	6.92281	0.01	1.66422	1.0817	0.837462	1.20607	1.82872	0.507924	0.57728	0.796341	0.349724	0.483917	1.08384	1.55094	6.62892	0.067027	180000	2.52452
chr17_0_5000-chr17_190000_195000	1.44805	0.854155	0.66082	1.30949	2.26165	0.32336	0.65661	0.79941	0.4574	0.297805	0.98969	1.26439	3.44076	0.01	0.94147	0.713325	0.68112	0.836825	2.35367	0.55485	0.451095	0.493095	0.897035	0.46752	1.8099	1.3551	5.46086	0.52711	1.63692	1.07888	0.85128	1.22455	1.85226	0.521212	0.593988	0.80141	0.353847	0.49205	1.09898	1.55456	6.63686	0.0654857	185000	2.50039
chr17_0_5000-chr17_195000_200000	1.44805	0.854155	0.66082	1.30949	2.26165	0.32336	0.65661	0.79941	0.4574	0.297805	0.98969	1.26439	3.44076	0.01	1.00238	1.7227	0.69724	0.92348	1.46513	0.5099	0.773395	0.681495	0.26383	0.2978	1.16539	1.30885	0.547642	0.01	1.61862	1.06926	0.846802	1.21434	1.86546	0.522097	0.590228	0.793297	0.368141	0.491405	1.11768	1.54931	6.60592	0.0776337	190000	1.11255
chr17_0_5000-chr17_200000_205000	1.44805	0.854155	0.66082	1.30949	2.26165	0.32336	0.65661	0.79941	0.4574	0.297805	0.98969	1.26439	3.44076	0.01	0.86496	2.37016	1.11653	0.6023	1.29273	0.907725	1.03885	0.86341	0.5529	0.85663	1.01011	1.4029	4.2848	0.01	1.60282	1.08601	0.842967	1.20689	1.85519	0.521784	0.594924	0.79043	0.365467	0.486441	1.11891	1.54314	6.45058	0.0758995	195000	2.54351
chr17_0_5000-chr17_210000_215000	1.44805	0.854155	0.66082	1.30949	2.26165	0.32336	0.65661	0.79941	0.4574	0.297805	0.98969	1.26439	3.44076	0.01	0.72001	0.25688	0.52748	1.0811	1.70762	0.52732	0.54697	0.929595	0.210126	0.39768	0.854485	0.81853	9.24951	0.01	1.55864	1.10639	0.840196	1.18581	1.82523	0.522839	0.603721	0.790721	0.367444	0.493019	1.1125	1.53335	6.34089	0.0850141	205000	1.2363
chr17_0_5000-chr17_220000_225000	1.44805	0.854155	0.66082	1.30949	2.26165	0.32336	0.65661	0.79941	0.4574	0.297805	0.98969	1.26439	3.44076	0.01	0.713655	1.7792	0.70639	1.585	2.43589	0.885525	0.69248	0.678895	0.532	0.402965	1.23715	1.7938	2.87996	0.01	1.52185	1.0849	0.83249	1.19591	1.81405	0.523858	0.599246	0.79415	0.363508	0.49252	1.09934	1.50792	6.27563	0.081525	215000	2.32536
chr17_0_5000-chr17_230000_235000	1.44805	0.854155	0.66082	1.30949	2.26165	0.32336	0.65661	0.79941	0.4574	0.297805	0.98969	1.26439	3.44076	0.01	1.11963	1.38445	0.90955	0.85399	0.86688	0.450175	0.914145	1.47589	0.34734	0.382275	1.05531	1.49465	3.72172	0.01	1.49775	1.09415	0.83104	1.20351	1.82431	0.54175	0.603712	0.791791	0.373672	0.489355	1.09581	1.5189	6.11607	0.0783461	225000	2.63784
chr17_0_5000-chr17_235000_240000	1.44805	0.854155	0.66082	1.30949	2.26165	0.32336	0.65661	0.79941	0.4574	0.297805	0.98969	1.26439	3.44076	0.01	2.3835	5.40125	1.52159	0.71475	1.38431	0.70368	1.34781	1.53475	0.52742	0.701125	1.01755	1.0718	10.1813	0.01	1.48953	1.10046	0.832747	1.19591	1.8035	0.539759	0.610461	0.806663	0.373099	0.487027	1.09493	1.51838	6.06402	0.0768604	230000	2.52575
chr17_0_5000-chr17_240000_245000	1.44805	0.854155	0.66082	1.30949	2.26165	0.32336	0.65661	0.79941	0.4574	0.297805	0.98969	1.26439	3.44076	0.01	1.70875	1.34205	2.0208	1.97203	2.66365	2.0312	2.28965	3.48455	0.624075	1.25272	1.57915	1.60605	6.02068	0.01	1.50855	1.19196	0.847403	1.18567	1.79458	0.543247	0.626149	0.822154	0.376383	0.491582	1.09329	1.50887	6.15162	0.0754378	235000	3.09204
chr17_0_5000-chr17_245000_250000	1.44805	0.854155	0.66082	1.30949	2.26165	0.32336	0.65661	0.79941	0.4574	0.297805	0.98969	1.26439	3.44076	0.01	0.826325	1.06721	1.16201	2.33612	1.9694	1.28345	1.0187	0.61744	0.96563	0.368395	1.71585	1.37205	1.07726	0.01	1.51272	1.19509	0.871849	1.20205	1.81268	0.574246	0.660805	0.87762	0.381543	0.507439	1.10341	1.5109	6.1489	0.0740745	240000	2.17375
chr17_0_5000-chr17_25000_30000	1.44805	0.854155	0.66082	1.30949	2.26165	0.32336	0.65661	0.79941	0.4574	0.297805	0.98969	1.26439	3.44076	0.01	0.539745	1.2437	0.647815	1.42674	1.54208	0.40046	0.70936	0.49693	0.21304	0.302731	1.17043	1.43848	7.34673	0.530972	3.04368	1.50643	0.652864	0.86761	1.72833	0.416584	0.437933	0.632455	0.32216	0.419553	0.982432	1.18792	21.4146	0.01	20000	3.06955
chr17_0_5000-chr17_255000_260000	1.44805	0.854155	0.66082	1.30949	2.26165	0.32336	0.65661	0.79941	0.4574	0.297805	0.98969	1.26439	3.44076	0.01	1.36	1.76997	4.17315	1.6592	1.1907	0.781975	3.1982	4.94255	1.8872	1.03556	0.964185	1.01093	3.01238	0.01	1.47855	1.18138	0.874116	1.21183	1.80391	0.583412	0.661997	0.870955	0.392582	0.502778	1.107	1.4954	5.93508	0.0715115	250000	2.68736
chr17_0_5000-chr17_265000_270000	1.44805	0.854155	0.66082	1.30949	2.26165	0.32336	0.65661	0.79941	0.4574	0.297805	0.98969	1.26439	3.44076	0.01	1.10525	3.60355	1.6764	1.53955	3.26487	1.4819	1.46914	1.2863	0.618195	0.466955	1.6516	1.1088	3.08837	0.51964	1.63826	1.35127	0.97849	1.22166	1.78684	0.625328	0.811149	1.03786	0.469985	0.538224	1.11948	1.4816	5.85612	0.0789101	260000	2.42243
chr17_0_5000-chr17_270000_275000	1.44805	0.854155	0.66082	1.30949	2.26165	0.32336	0.65661	0.79941	0.4574	0.297805	0.98969	1.26439	3.44076	0.01	1.4409	1.02485	1.21248	1.97108	1.89376	1.11903	1.29535	1.4707	0.61835	0.684015	1.75015	1.2441	3.22919	0.01	1.6282	1.39376	0.991658	1.22765	1.81473	0.64149	0.823564	1.04255	0.472782	0.536879	1.12952	1.47456	5.8039	0.0872258	265000	0.932153
chr17_0_5000-chr17_290000_295000	1.44805	0.854155	0.66082	1.30949	2.26165	0.32336	0.65661	0.79941	0.4574	0.297805	0.98969	1.26439	3.44076	0.01	0.826325	0.862835	0.476895	1.02023	1.47715	1.00507	0.79798	0.498285	0.61105	0.706095	1.2988	1.21834	2.68024	0.01	1.58406	1.36614	0.977963	1.24263	1.78934	0.659572	0.827089	1.03609	0.479767	0.532747	1.17361	1.46311	5.52789	0.0818064	285000	2.55058
chr17_0_5000-chr17_30000_35000	1.44805	0.854155	0.66082	1.30949	2.26165	0.32336	0.65661	0.79941	0.4574	0.297805	0.98969	1.26439	3.44076	0.01	0.292575	0.792475	0.898345	0.420065	1.54744	0.40786	0.47369	0.31498	0.2235	0.37156	0.822505	1.14119	10.9851	0.01	2.54289	1.45388	0.651854	0.979436	1.69108	0.413359	0.492218	0.60535	0.300336	0.396189	1.02003	1.23803	18.6011	0.114194	25000	2.87942
chr17_0_5000-chr17_35000_40000	1.44805	0.854155	0.66082	1.30949	2.26165	0.32336	0.65661	0.79941	0.4574	0.297805	0.98969	1.26439	3.44076	0.01	0.826205	0.58805	0.572905	0.7845	1.04362	0.25623	0.59814	0.435405	0.212965	0.408505	0.812495	1.40185	2.4668	0.01	2.16784	1.34365	0.692936	0.886208	1.66714	0.412443	0.48913	0.556955	0.28753	0.392084	0.987111	1.22189	17.3317	0.0968286	30000	3.19415
chr17_0_5000-chr17_400000_405000	1.44805	0.854155	0.66082	1.30949	2.26165	0.32336	0.65661	0.79941	0.4574	0.297805	0.98969	1.26439	3.44076	0.01	1.02801	1.37045	1.7127	2.45293	2.72658	1.28423	1.33341	0.921185	0.734805	0.475585	1.0532	1.17274	1.58871	0.01	1.17576	1.01417	0.731996	0.928384	1.34282	0.514172	0.625361	0.77193	0.364745	0.410328	0.87821	1.08977	4.05809	0.0618097	395000	2.23753
chr17_0_5000-chr17_40000_45000	1.44805	0.854155	0.66082	1.30949	2.26165	0.32336	0.65661	0.79941	0.4574	0.297805	0.98969	1.26439	3.44076	0.01	0.39162	0.341221	0.385945	0.32886	1.04803	0.196545	0.39833	0.25084	0.190565	0.536295	0.89982	1.02862	2.97584	0.01	1.97618	1.23571	0.675789	0.871678	1.57807	0.390127	0.504703	0.539591	0.276878	0.39443	0.962166	1.2476	15.2082	0.0844246	35000	1.65521
chr17_0_5000-chr17_405000_410000	1.44805	0.854155	0.66082	1.30949	2.26165	0.32336	0.65661	0.79941	0.4574	0.297805	0.98969	1.26439	3.44076	0.01	0.861345	0.89835	0.657755	0.85627	1.12615	0.442725	1.02245	0.49699	0.4291	0.620065	0.982485	0.873145	0.01	0.01	1.17392	1.01863	0.744255	0.947441	1.36012	0.523798	0.634212	0.773796	0.369371	0.411143	0.880397	1.0908	4.02722	0.0611621	400000	1.43294
chr17_0_5000-chr17_410000_415000	1.44805	0.854155	0.66082	1.30949	2.26165	0.32336	0.65661	0.79941	0.4574	0.297805	0.98969	1.26439	3.44076	0.01	1.04344	0.91923	0.92266	1.56118	1.86654	0.671615	0.722675	0.557215	0.48906	0.51431	1.1996	1.3946	3.79019	0.01	1.17006	1.01714	0.743187	0.946316	1.35723	0.522797	0.639005	0.770378	0.370109	0.413723	0.881658	1.08812	3.97763	0.0605304	405000	1.85518
chr17_0_5000-chr17_415000_420000	1.44805	0.854155	0.66082	1.30949	2.26165	0.32336	0.65661	0.79941	0.4574	0.297805	0.98969	1.26439	3.44076	0.01	0.710815	1.39867	0.789225	1.1943	2.47512	0.890305	1.05049	0.67884	0.36049	0.568365	1.2491	1.46725	14.0747	0.01	1.16851	1.01595	0.745376	0.953814	1.36344	0.524612	0.640025	0.767779	0.371559	0.414949	0.885535	1.09185	3.97534	0.0599142	410000	1.09887
chr17_0_5000-chr17_420000_425000	1.44805	0.854155	0.66082	1.30949	2.26165	0.32336	0.65661	0.79941	0.4574	0.297805	0.98969	1.26439	3.44076	0.01	1.2183	1.3843	0.9046	0.47021	2.10713	1.78856	0.398305	0.744325	0.317115	0.90238	1.14341	1.1974	0.524552	0.01	1.163	1.02056	0.745904	0.956711	1.37683	0.529018	0.64497	0.766707	0.371426	0.416798	0.889915	1.09638	4.09702	0.0593128	415000	1.99672
chr17_0_5000-chr17_425000_430000	1.44805	0.854155	0.66082	1.30949	2.26165	0.32336	0.65661	0.79941	0.4574	0.297805	0.98969	1.26439	3.44076	0.01	1.14743	1.41228	0.57295	0.352865	1.6482	1.34587	0.262595	0.860895	0.506265	0.48208	1.35055	1.09238	0.01	0.01	1.16366	1.02489	0.747793	0.95092	1.38553	0.544012	0.642034	0.766441	0.370779	0.422578	0.892933	1.09758	4.05449	0.0587258	420000	2.05495
chr17_0_5000-chr17_435000_440000	1.44805	0.854155	0.66082	1.30949	2.26165	0.32336	0.65661	0.79941	0.4574	0.297805	0.98969	1.26439	3.44076	0.01	1.00252	1.2716	0.992395	0.514685	2.17305	1.48999	0.368125	0.737885	0.5082	0.79972	0.980605	1.31127	1.61565	0.01	1.16279	1.03218	0.748533	0.94321	1.39019	0.560054	0.637659	0.767252	0.374679	0.434721	0.901884	1.09783	3.97205	0.0575926	430000	2.09303
chr17_0_5000-chr17_440000_445000	1.44805	0.854155	0.66082	1.30949	2.26165	0.32336	0.65661	0.79941	0.4574	0.297805	0.98969	1.26439	3.44076	0.01	1.261	1.79995	1.60085	0.700315	1.80445	3.6289	1.77569	1.22341	0.95095	0.77236	1.78	1.52315	2.22959	0.01	1.16095	1.03493	0.751336	0.938284	1.39919	0.570743	0.634561	0.766915	0.376214	0.438917	0.902789	1.10028	3.94497	0.0570456	435000	1.06138
chr17_0_5000-chr17_445000_450000	1.44805	0.854155	0.66082	1.30949	2.26165	0.32336	0.65661	0.79941	0.4574	0.297805	0.98969	1.26439	3.44076	0.01	0.67415	0.91216	1.69968	0.791305	2.10225	1.98512	0.90906	0.631615	0.970235	0.67441	2.07415	1.41215	1.51937	0.01	1.16208	1.04362	0.76099	0.93558	1.40379	0.605494	0.647528	0.772102	0.382745	0.442706	0.912757	1.10508	3.92548	0.056511	440000	1.16746
chr17_0_5000-chr17_450000_455000	1.44805	0.854155	0.66082	1.30949	2.26165	0.32336	0.65661	0.79941	0.4574	0.297805	0.98969	1.26439	3.44076	0.01	0.776695	0.513475	0.86405	0.698025	1.83206	1.53491	0.556655	0.66587	0.597825	0.81147	1.01175	1.01503	4.26208	0.01	1.1566	1.04215	0.771537	0.933959	1.41164	0.620996	0.650467	0.770524	0.389346	0.445309	0.925807	1.10854	3.89844	0.0559884	445000	1.06333
chr17_0_5000-chr17_45000_50000	1.44805	0.854155	0.66082	1.30949	2.26165	0.32336	0.65661	0.79941	0.4574	0.297805	0.98969	1.26439	3.44076	0.01	1.00242	1.21545	0.71448	1.3117	1.84476	0.365635	0.403965	1.10162	0.49176	0.573285	1.30999	1.4261	2.36278	0.01	1.77811	1.1239	0.639558	0.803826	1.51181	0.365929	0.491406	0.503497	0.266089	0.412163	0.954373	1.22023	13.6791	0.0751215	40000	2.44617
chr17_0_5000-chr17_455000_460000	1.44805	0.854155	0.66082	1.30949	2.26165	0.32336	0.65661	0.79941	0.4574	0.297805	0.98969	1.26439	3.44076	0.01	0.919785	1.2476	1.23288	0.81516	1.88064	1.79862	0.60943	0.89824	0.622945	0.573325	1.24469	0.89279	0.511086	0.01	1.15238	1.03627	0.772565	0.931338	1.41631	0.63115	0.649425	0.769361	0.391663	0.449378	0.926762	1.1075	3.90248	0.0554774	450000	1.86747
chr17_0_5000-chr17_465000_470000	1.44805	0.854155	0.66082	1.30949	2.26165	0.32336	0.65661	0.79941	0.4574	0.297805	0.98969	1.26439	3.44076	0.01	4.12125	0.975865	0.939495	0.69274	1.94374	1.33853	0.493814	0.735195	0.55429	0.519245	0.93628	0.9657	1.03727	0.01	1.16106	1.0444	0.788399	0.923631	1.43614	0.663183	0.653109	0.768759	0.400306	0.457044	0.938611	1.10795	3.82907	0.0544888	460000	2.13394
chr17_0_5000-chr17_470000_475000	1.44805	0.854155	0.66082	1.30949	2.26165	0.32336	0.65661	0.79941	0.4574	0.297805	0.98969	1.26439	3.44076	0.01	0.8684	0.489255	0.776185	0.7288	1.6063	1.29365	0.720615	0.74039	0.51863	0.69617	1.50858	1.0293	2.72155	0.01	1.19289	1.04367	0.790023	0.921148	1.4416	0.670445	0.651396	0.768398	0.401961	0.457713	0.938586	1.10642	3.79905	0.0540104	465000	1.64836
chr17_0_5000-chr17_475000_480000	1.44805	0.854155	0.66082	1.30949	2.26165	0.32336	0.65661	0.79941	0.4574	0.297805	0.98969	1.26439	3.44076	0.01	0.822535	1.63781	1.48669	0.40072	1.85316	0.935235	0.93732	0.801825	0.743355	0.83899	1.1629	1.4314	3.07447	0.01	1.18944	1.03777	0.789876	0.919102	1.44335	0.677074	0.652133	0.7681	0.403203	0.460249	0.94465	1.1056	3.78759	0.0535422	470000	1.11288
chr17_0_5000-chr17_480000_485000	1.44805	0.854155	0.66082	1.30949	2.26165	0.32336	0.65661	0.79941	0.4574	0.297805	0.98969	1.26439	3.44076	0.01	0.6742	0.96841	0.488096	0.745695	1.23029	0.470267	0.40562	0.557215	0.506815	0.243705	1.87793	1.48471	0.01	0.01	1.18558	1.04409	0.797211	0.913645	1.44767	0.679792	0.655135	0.768455	0.406783	0.464236	0.946947	1.10903	3.78008	0.0530838	475000	1.47025
chr17_0_5000-chr17_485000_490000	1.44805	0.854155	0.66082	1.30949	2.26165	0.32336	0.65661	0.79941	0.4574	0.297805	0.98969	1.26439	3.44076	0.01	0.879505	1.55986	0.73866	0.515775	1.57564	1.51768	0.854775	1.18331	0.757215	0.733175	1.76695	1.54523	1.58287	0.01	1.18025	1.0433	0.793991	0.911896	1.4454	0.677609	0.652536	0.766255	0.407825	0.461939	0.956645	1.11294	3.74081	0.0526351	480000	1.16505
chr17_0_5000-chr17_495000_500000	1.44805	0.854155	0.66082	1.30949	2.26165	0.32336	0.65661	0.79941	0.4574	0.297805	0.98969	1.26439	3.44076	0.01	2.06935	0.67848	0.924885	0.301725	0.470865	0.708145	0.463945	0.436755	0.247275	0.60083	0.540715	0.36225	15.9157	0.01	1.17685	1.04694	0.797676	0.904356	1.43563	0.694623	0.660792	0.773795	0.415317	0.469407	0.962055	1.11251	3.68638	0.051765	490000	1.71308
chr17_0_5000-chr17_50000_55000	1.44805	0.854155	0.66082	1.30949	2.26165	0.32336	0.65661	0.79941	0.4574	0.297805	0.98969	1.26439	3.44076	0.01	0.73452	0.8558	0.834775	1.46646	2.41154	0.713895	0.3041	0.677615	0.297915	0.22158	0.950405	1.6588	1.74835	0.01	1.69192	1.13407	0.647883	0.860256	1.5488	0.365896	0.481691	0.569955	0.291163	0.430065	0.993886	1.2431	12.4218	0.0678858	45000	2.71869
chr17_0_5000-chr17_5000_10000	1.44805	0.854155	0.66082	1.30949	2.26165	0.32336	0.65661	0.79941	0.4574	0.297805	0.98969	1.26439	3.44076	0.01	1.628	0.998105	0.679155	0.90177	2.37043	0.3656	0.35124	0.436765	0.39475	0.56836	0.94797	1.4349	2.88305	0.01	0.01	0.01	0.01	0.01	0.01	0.01	0.01	0.01	0.01	0.01	0.01	0.01	0.01	0.01	0	4.58827
chr17_0_5000-chr17_505000_510000	1.44805	0.854155	0.66082	1.30949	2.26165	0.32336	0.65661	0.79941	0.4574	0.297805	0.98969	1.26439	3.44076	0.01	1.01716	1.95012	13.1772	3.13126	3.3367	10.9674	9.5422	7.47385	2.04435	4.7863	2.12485	1.69645	2.80245	0.01	1.1881	1.0648	0.868166	0.908337	1.42866	0.776859	0.721495	0.802946	0.420068	0.492914	0.95969	1.10792	3.80487	0.0509297	500000	2.18462
chr17_0_5000-chr17_530000_535000	1.44805	0.854155	0.66082	1.30949	2.26165	0.32336	0.65661	0.79941	0.4574	0.297805	0.98969	1.26439	3.44076	0.01	1.76545	0.8696	1.06186	0.85848	2.724	2.69341	0.45679	0.436705	0.796155	0.853755	1.20014	0.77216	2.35277	0.01	1.17877	1.07158	0.988706	0.922261	1.46511	0.911527	0.804964	0.858824	0.447308	0.54518	0.984362	1.11751	3.70627	0.0489806	525000	1.59369
chr17_0_5000-chr17_55000_60000	1.44805	0.854155	0.66082	1.30949	2.26165	0.32336	0.65661	0.79941	0.4574	0.297805	0.98969	1.26439	3.44076	0.01	0.818985	0.91908	0.897145	1.62146	2.11574	0.69633	0.97873	2.0769	0.93848	0.546195	1.7805	1.3954	4.1416	0.01	1.59618	1.10624	0.666572	0.920876	1.63508	0.400696	0.463932	0.580721	0.291838	0.409217	0.989537	1.28467	11.3544	0.0620972	50000	2.47228
chr17_0_5000-chr17_570000_575000	1.44805	0.854155	0.66082	1.30949	2.26165	0.32336	0.65661	0.79941	0.4574	0.297805	0.98969	1.26439	3.44076	0.01	0.899905	0.54573	0.572905	0.678455	1.86018	1.31114	1.07872	0.801945	0.84397	0.82172	1.39225	1.46809	1.73358	0.01	1.1675	1.06927	1.00251	0.899586	1.50582	0.963291	0.798487	0.858433	0.461043	0.55923	1.02455	1.12221	3.54041	0.0507701	565000	1.57414
chr17_0_5000-chr17_575000_580000	1.44805	0.854155	0.66082	1.30949	2.26165	0.32336	0.65661	0.79941	0.4574	0.297805	0.98969	1.26439	3.44076	0.01	1.51212	1.06721	0.858985	0.90634	2.06135	1.83105	0.56797	0.620035	1.5398	1.10715	1.5461	1.05052	2.06251	0.01	1.16515	1.06467	0.998739	0.897646	1.50893	0.966342	0.800945	0.857938	0.464402	0.561532	1.02777	1.12524	3.52456	0.0504125	570000	1.15216
chr17_0_5000-chr17_580000_585000	1.44805	0.854155	0.66082	1.30949	2.26165	0.32336	0.65661	0.79941	0.4574	0.297805	0.98969	1.26439	3.44076	0.01	0.765915	0.49792	0.343565	0.721915	1.31699	1.33995	0.660025	0.91981	0.86644	1.38503	1.3158	0.86028	2.73202	0.01	1.16817	1.0647	0.997524	0.897722	1.51373	0.973861	0.798919	0.855869	0.473754	0.566277	1.03228	1.12459	3.51185	0.0500611	575000	1.24918
chr17_0_5000-chr17_585000_590000	1.44805	0.854155	0.66082	1.30949	2.26165	0.32336	0.65661	0.79941	0.4574	0.297805	0.98969	1.26439	3.44076	0.01	1.5181	0.908695	0.59727	1.33804	1.80416	2.01604	0.93389	0.498225	1.17022	0.984195	1.1605	1.3073	0.629905	0.01	1.1647	1.05981	0.991886	0.896206	1.51204	0.977017	0.797722	0.85642	0.477139	0.573335	1.03472	1.12231	3.50513	0.0497157	580000	1.47128
chr17_0_5000-chr17_590000_595000	1.44805	0.854155	0.66082	1.30949	2.26165	0.32336	0.65661	0.79941	0.4574	0.297805	0.98969	1.26439	3.44076	0.01	2.26375	1.64723	1.19085	0.58517	1.9255	2.91554	0.92047	0.737835	0.877785	1.09488	1.52105	1.31518	2.68259	0.01	1.16772	1.05852	0.988513	0.899982	1.51453	0.985898	0.798886	0.853359	0.483063	0.576846	1.0358	1.12389	3.48055	0.0493763	585000	0.97475
chr17_0_5000-chr17_60000_65000	1.44805	0.854155	0.66082	1.30949	2.26165	0.32336	0.65661	0.79941	0.4574	0.297805	0.98969	1.26439	3.44076	0.01	1.23911	0.52477	0.836755	1.9851	2.01138	0.5595	0.43149	0.557155	0.333545	0.647035	1.09668	1.61937	5.89888	0.01	1.52553	1.08923	0.687533	0.984566	1.67878	0.427572	0.510731	0.716737	0.350624	0.421669	1.06144	1.29474	10.6987	0.0573611	55000	2.91155
chr17_0_5000-chr17_605000_610000	1.44805	0.854155	0.66082	1.30949	2.26165	0.32336	0.65661	0.79941	0.4574	0.297805	0.98969	1.26439	3.44076	0.01	0.863945	1.3979	0.40527	1.19087	1.48038	2.714	0.81643	0.801915	1.27406	1.30146	1.31984	1.0324	1.67509	0.01	1.20545	1.07537	0.988328	0.891696	1.54024	1.0278	0.794919	0.849456	0.495526	0.585635	1.0427	1.12601	3.44989	0.0483919	600000	2.36356
chr17_0_5000-chr17_610000_615000	1.44805	0.854155	0.66082	1.30949	2.26165	0.32336	0.65661	0.79941	0.4574	0.297805	0.98969	1.26439	3.44076	0.01	1.7081	1.33855	1.16633	0.86079	2.47561	4.35	1.19398	1.34518	1.83809	2.34685	1.49737	1.90065	4.59894	0.01	1.20263	1.07804	0.983509	0.894169	1.53975	1.04173	0.795096	0.849063	0.50196	0.591551	1.04499	1.12523	3.43523	0.0480746	605000	1.73884
chr17_0_5000-chr17_620000_625000	1.44805	0.854155	0.66082	1.30949	2.26165	0.32336	0.65661	0.79941	0.4574	0.297805	0.98969	1.26439	3.44076	0.01	1.09097	0.60566	1.05482	0.69791	1.4657	2.13601	1.60076	1.77285	1.0029	1.06244	1.54574	1.38575	1.05989	0.01	1.20943	1.14155	1.02642	0.913781	1.54647	1.07971	0.902726	0.951393	0.592454	0.686066	1.05495	1.1322	3.45867	0.0474555	615000	2.17047
chr17_0_5000-chr17_625000_630000	1.44805	0.854155	0.66082	1.30949	2.26165	0.32336	0.65661	0.79941	0.4574	0.297805	0.98969	1.26439	3.44076	0.01	0.956665	1.77545	0.801745	0.932615	1.03843	1.7849	1.6892	2.02595	1.03136	0.857555	1.18246	1.6291	1.793	1.5345	1.20848	1.13723	1.02665	0.91204	1.54582	1.08823	0.908356	0.958018	0.595764	0.689101	1.05891	1.13425	3.43933	0.0471534	620000	1.00903
chr17_0_5000-chr17_640000_645000	1.44805	0.854155	0.66082	1.30949	2.26165	0.32336	0.65661	0.79941	0.4574	0.297805	0.98969	1.26439	3.44076	0.01	0.861295	1.71565	0.956435	0.26174	3.11557	2.47495	0.72937	0.61604	1.61728	1.4834	1.34098	1.91785	1.70652	0.01	1.20623	1.19917	1.06433	0.92384	1.55049	1.12238	0.996331	1.04677	0.66472	0.757599	1.06326	1.14638	3.42196	0.0582797	635000	1.91636
chr17_0_5000-chr17_645000_650000	1.44805	0.854155	0.66082	1.30949	2.26165	0.32336	0.65661	0.79941	0.4574	0.297805	0.98969	1.26439	3.44076	0.01	1.00619	1.61665	1.36484	0.541923	4.0835	4.5646	1.8083	0.55851	3.55895	3.86925	2.0992	2.88575	4.36687	0.01	1.20353	1.20321	1.06348	0.918667	1.56272	1.13294	0.994245	1.0434	0.672162	0.763269	1.06543	1.15241	3.40856	0.0579025	640000	1.88596
chr17_0_5000-chr17_650000_655000	1.44805	0.854155	0.66082	1.30949	2.26165	0.32336	0.65661	0.79941	0.4574	0.297805	0.98969	1.26439	3.44076	0.01	2.0165	3.9415	5.7606	3.64918	4.71886	6.1718	12.8556	15.0335	25.1935	21.895	1.904	2.46235	2.60977	0.01	1.202	1.20641	1.06582	0.915747	1.58226	1.15955	1.00056	1.03964	0.69454	0.787346	1.07345	1.16584	3.41598	0.0575312	645000	1.66024
chr17_0_5000-chr17_655000_660000	1.44805	0.854155	0.66082	1.30949	2.26165	0.32336	0.65661	0.79941	0.4574	0.297805	0.98969	1.26439	3.44076	0.01	10.2936	9.92115	9.07265	5.43877	1.73875	3.4946	7.1623	6.11865	5.17245	11.1911	1.47661	1.09145	2.34443	0.01	1.20827	1.22745	1.10193	0.936773	1.60639	1.1981	1.09175	1.14729	0.882994	0.949713	1.07984	1.17582	3.40978	0.0571656	650000	1.47128
chr17_0_5000-chr17_665000_670000	1.44805	0.854155	0.66082	1.30949	2.26165	0.32336	0.65661	0.79941	0.4574	0.297805	0.98969	1.26439	3.44076	0.01	0.623715	0.33416	0.49318	0.58522	2.5338	2.17457	0.198505	0.495545	0.820345	0.711095	0.75824	0.81648	2.05438	1.03021	1.27715	1.29308	1.15902	0.967525	1.61534	1.22955	1.13413	1.18094	0.915475	1.02734	1.0843	1.17676	3.39574	0.0564509	660000	1.05369
chr17_0_5000-chr17_670000_675000	1.44805	0.854155	0.66082	1.30949	2.26165	0.32336	0.65661	0.79941	0.4574	0.297805	0.98969	1.26439	3.44076	0.01	1.1052	1.08116	0.50122	0.60912	4.6014	3.88099	0.515145	0.6789	1.3198	0.934995	1.3061	1.44975	1.18964	0.01	1.27224	1.28587	1.15402	0.964651	1.62225	1.23665	1.12709	1.17578	0.914759	1.02496	1.08185	1.17405	3.38566	0.0637724	665000	1.58007
chr17_0_5000-chr17_675000_680000	1.44805	0.854155	0.66082	1.30949	2.26165	0.32336	0.65661	0.79941	0.4574	0.297805	0.98969	1.26439	3.44076	0.01	1.1088	1.69399	0.56798	0.71967	3.72594	3.36851	0.56792	0.98388	1.24527	1.3826	0.9064	1.34179	1.80806	0.01	1.27099	1.28434	1.14915	0.961998	1.64448	1.25639	1.12253	1.17208	0.917782	1.02429	1.08352	1.17611	3.36927	0.0633712	670000	1.03509
chr17_0_5000-chr17_680000_685000	1.44805	0.854155	0.66082	1.30949	2.26165	0.32336	0.65661	0.79941	0.4574	0.297805	0.98969	1.26439	3.44076	0.01	1.5785	2.34995	2.3161	3.09444	3.3324	4.4248	5.97795	6.94515	10.5016	8.84025	1.2456	1.1901	0.52755	0.01	1.26979	1.28737	1.14484	0.960203	1.6599	1.27203	1.11842	1.17068	0.920208	1.02694	1.08221	1.17734	3.35771	0.0629758	675000	1.48579
chr17_0_5000-chr17_685000_690000	1.44805	0.854155	0.66082	1.30949	2.26165	0.32336	0.65661	0.79941	0.4574	0.297805	0.98969	1.26439	3.44076	0.01	2.79635	9.18745	11.2272	8.33181	2.89275	4.959	20.9815	19.149	23.1615	22.8935	2.0781	1.94655	1.04681	0.01	1.27206	1.29519	1.15345	0.975896	1.6722	1.29522	1.15415	1.21314	0.990659	1.08439	1.08341	1.17743	3.3369	0.0625863	680000	2.64486
chr17_0_5000-chr17_690000_695000	1.44805	0.854155	0.66082	1.30949	2.26165	0.32336	0.65661	0.79941	0.4574	0.297805	0.98969	1.26439	3.44076	0.01	0.81542	1.4547	0.803905	0.651455	3.7847	3.1345	0.581495	0.879785	1.74712	1.38295	1.3373	1.26445	0.570027	0.01	1.28319	1.35279	1.22698	1.02959	1.68111	1.32196	1.29887	1.34406	1.15249	1.24358	1.09067	1.18304	3.32018	0.0622024	685000	1.78257
chr17_0_5000-chr17_695000_700000	1.44805	0.854155	0.66082	1.30949	2.26165	0.32336	0.65661	0.79941	0.4574	0.297805	0.98969	1.26439	3.44076	0.01	9.513	7.3037	1.42335	0.44617	1.88177	1.94025	0.89567	1.5912	0.647145	0.907795	1.64234	1.59518	9.19474	0.01	1.2798	1.35353	1.22392	1.02685	1.69635	1.33509	1.29368	1.3407	1.1568	1.24459	1.09246	1.18363	3.30025	0.0618242	690000	1.0713
chr17_0_5000-chr17_700000_705000	1.44805	0.854155	0.66082	1.30949	2.26165	0.32336	0.65661	0.79941	0.4574	0.297805	0.98969	1.26439	3.44076	0.01	0.86429	1.28575	0.86294	1.87124	2.42642	0.83628	0.79795	0.618735	0.427755	0.408515	1.5012	1.7765	5.80691	0.01	1.33903	1.39634	1.22535	1.02267	1.69768	1.33945	1.29081	1.3425	1.15313	1.24217	1.09641	1.18659	3.34266	0.0614513	695000	1.96414
chr17_0_5000-chr17_70000_75000	1.44805	0.854155	0.66082	1.30949	2.26165	0.32336	0.65661	0.79941	0.4574	0.297805	0.98969	1.26439	3.44076	0.01	1.48765	0.742995	0.63636	0.85502	1.19589	0.23882	0.415285	0.55588	0.23074	0.376515	0.83471	1.64695	3.31529	0.01	1.44666	1.09018	0.903454	1.00593	1.67765	0.431041	0.538238	0.771127	0.367452	0.436288	1.05334	1.2893	9.82294	0.0500748	65000	1.30049
chr17_0_5000-chr17_705000_710000	1.44805	0.854155	0.66082	1.30949	2.26165	0.32336	0.65661	0.79941	0.4574	0.297805	0.98969	1.26439	3.44076	0.01	0.628195	1.01498	0.82759	2.0904	2.96464	0.31748	0.36251	0.555825	0.315735	0.520045	0.81745	1.47496	8.10819	0.01	1.33564	1.39555	1.22276	1.02873	1.70289	1.33585	1.28729	1.33733	1.14795	1.23621	1.0993	1.19081	3.36026	0.0610838	700000	1.0795
chr17_0_5000-chr17_710000_715000	1.44805	0.854155	0.66082	1.30949	2.26165	0.32336	0.65661	0.79941	0.4574	0.297805	0.98969	1.26439	3.44076	0.01	0.864865	1.71155	0.797635	1.51563	3.9343	0.55209	0.65098	0.49569	0.293345	0.520755	1.2713	1.3371	2.87611	0.01	1.33062	1.39285	1.21996	1.03626	1.71184	1.32863	1.28073	1.33179	1.14205	1.23114	1.0973	1.19282	3.39393	0.0607215	705000	1.14536
chr17_0_5000-chr17_715000_720000	1.44805	0.854155	0.66082	1.30949	2.26165	0.32336	0.65661	0.79941	0.4574	0.297805	0.98969	1.26439	3.44076	0.01	0.76955	1.82058	1.53366	2.02993	4.04846	0.66415	0.77328	0.500825	0.31114	0.367195	1.2417	1.9188	0.607568	0.01	1.32734	1.3951	1.21699	1.03964	1.72749	1.32316	1.2763	1.3259	1.13607	1.22613	1.09853	1.19384	3.39029	0.0603643	710000	0.999756
chr17_0_5000-chr17_720000_725000	1.44805	0.854155	0.66082	1.30949	2.26165	0.32336	0.65661	0.79941	0.4574	0.297805	0.98969	1.26439	3.44076	0.01	0.63181	0.263885	0.53868	1.95583	2.17803	0.611905	0.424595	0.67778	0.351335	0.216115	0.84713	1.14472	2.79793	0.01	1.32344	1.39807	1.2192	1.04656	1.74372	1.31855	1.27278	1.32013	1.1303	1.22013	1.09953	1.19891	3.37083	0.0600121	715000	1.66841
chr17_0_5000-chr17_725000_730000	1.44805	0.854155	0.66082	1.30949	2.26165	0.32336	0.65661	0.79941	0.4574	0.297805	0.98969	1.26439	3.44076	0.01	1.3076	1.02768	0.914465	2.67599	3.02347	0.611905	0.41156	0.6802	0.40347	0.349495	1.2717	1.77503	5.5774	0.01	1.31864	1.39019	1.21448	1.05288	1.74673	1.31365	1.26689	1.31567	1.12489	1.21315	1.09778	1.19853	3.36685	0.0596648	720000	1.48097
chr17_0_5000-chr17_730000_735000	1.44805	0.854155	0.66082	1.30949	2.26165	0.32336	0.65661	0.79941	0.4574	0.297805	0.98969	1.26439	3.44076	0.01	1.09699	1.05062	0.823605	1.83917	1.89778	1.04215	0.84509	0.676355	0.46607	0.50936	1.00425	1.20503	0.652426	0.01	1.31856	1.38769	1.21241	1.06407	1.75554	1.30881	1.26099	1.31128	1.11992	1.2072	1.09898	1.20251	3.38209	0.0593223	725000	2.08811
chr17_0_5000-chr17_735000_740000	1.44805	0.854155	0.66082	1.30949	2.26165	0.32336	0.65661	0.79941	0.4574	0.297805	0.98969	1.26439	3.44076	0.01	0.744225	1.09533	0.99742	2.17459	3.00974	0.494795	0.679165	0.619975	0.44691	0.366621	1.21939	2.16507	1.62484	0.01	1.31704	1.38539	1.20974	1.06938	1.75651	1.30698	1.25814	1.30694	1.11544	1.20242	1.09833	1.20253	3.3634	0.0589845	730000	1.82076
chr17_0_5000-chr17_740000_745000	1.44805	0.854155	0.66082	1.30949	2.26165	0.32336	0.65661	0.79941	0.4574	0.297805	0.98969	1.26439	3.44076	0.01	1.48955	1.2858	0.914585	2.31851	3.30782	0.646755	0.703705	0.923695	0.7093	0.56837	1.50569	1.46193	2.73124	0.01	1.31315	1.38341	1.2083	1.0769	1.76504	1.30145	1.2542	1.30226	1.11089	1.19673	1.09915	1.20907	3.35157	0.0586513	735000	1.76855
chr17_0_5000-chr17_745000_750000	1.44805	0.854155	0.66082	1.30949	2.26165	0.32336	0.65661	0.79941	0.4574	0.297805	0.98969	1.26439	3.44076	0.01	0.909155	1.2857	0.77301	3.20503	4.43007	0.52723	0.45679	0.74308	0.50817	0.317485	1.16286	1.8195	2.66769	0.01	1.31434	1.38275	1.20631	1.08529	1.77546	1.29703	1.25048	1.2997	1.10818	1.19249	1.1019	1.21078	3.34738	0.0583225	740000	2.0361
chr17_0_5000-chr17_750000_755000	1.44805	0.854155	0.66082	1.30949	2.26165	0.32336	0.65661	0.79941	0.4574	0.297805	0.98969	1.26439	3.44076	0.01	1.0403	1.81405	1.42998	2.94819	4.04983	1.01968	0.84509	0.61744	0.343915	0.67417	1.36515	1.9497	2.83355	0.528108	1.31162	1.3821	1.20341	1.09951	1.79328	1.29186	1.24516	1.29597	1.10415	1.18661	1.10231	1.21487	3.34282	0.0579982	745000	1.82106
chr17_0_5000-chr17_765000_770000	1.44805	0.854155	0.66082	1.30949	2.26165	0.32336	0.65661	0.79941	0.4574	0.297805	0.98969	1.26439	3.44076	0.01	1.01701	0.93323	0.92267	2.62997	4.42513	1.24584	0.65094	1.49455	0.842235	0.81685	1.32072	1.8983	0.511227	0.525197	1.30275	1.38989	1.19755	1.12867	1.81445	1.28136	1.23497	1.28535	1.08989	1.1743	1.10332	1.22301	3.322	0.0604595	760000	0.919454
chr17_0_5000-chr17_770000_775000	1.44805	0.854155	0.66082	1.30949	2.26165	0.32336	0.65661	0.79941	0.4574	0.297805	0.98969	1.26439	3.44076	0.01	1.1088	0.53564	0.610355	2.93535	3.62182	0.435395	0.462425	0.77449	0.34076	0.567952	1.61695	1.46615	4.12584	0.01	1.30088	1.3869	1.19576	1.13849	1.83151	1.28112	1.23115	1.28672	1.08827	1.17196	1.10474	1.22742	3.30363	0.063497	765000	1.03636
chr17_0_5000-chr17_775000_780000	1.44805	0.854155	0.66082	1.30949	2.26165	0.32336	0.65661	0.79941	0.4574	0.297805	0.98969	1.26439	3.44076	0.01	1.4748	1.188	0.458395	1.42453	1.96797	0.972325	0.76216	0.55326	0.363115	0.499915	1.32075	1.33745	2.73108	0.515821	1.29963	1.38138	1.19195	1.15015	1.84314	1.27563	1.22616	1.28339	1.08342	1.16804	1.10806	1.22897	3.30897	0.0631496	770000	2.13067
chr17_0_5000-chr17_785000_790000	1.44805	0.854155	0.66082	1.30949	2.26165	0.32336	0.65661	0.79941	0.4574	0.297805	0.98969	1.26439	3.44076	0.01	1.10525	1.15155	1.0923	1.8606	2.0985	1.14395	1.5312	0.83911	0.38555	0.302661	1.13544	1.14229	2.37023	0.01	1.33328	1.39318	1.18651	1.1525	1.84181	1.27088	1.22311	1.27771	1.07496	1.16042	1.11065	1.2309	3.30877	0.0657107	780000	1.88008
chr17_0_5000-chr17_790000_795000	1.44805	0.854155	0.66082	1.30949	2.26165	0.32336	0.65661	0.79941	0.4574	0.297805	0.98969	1.26439	3.44076	0.01	0.76954	0.505095	0.896385	2.72991	2.70232	0.56963	0.703665	1.28745	0.700625	0.669225	1.7256	2.2937	3.86972	0.01	1.33183	1.39164	1.18591	1.15701	1.84344	1.27008	1.22507	1.27492	1.07057	1.15496	1.11081	1.23033	3.30279	0.0653558	785000	1.40973
chr17_0_5000-chr17_800000_805000	1.44805	0.854155	0.66082	1.30949	2.26165	0.32336	0.65661	0.79941	0.4574	0.297805	0.98969	1.26439	3.44076	0.01	0.998985	1.18003	0.855965	2.55923	2.87744	0.59707	0.89779	0.34388	0.591815	0.63232	0.90654	2.01275	2.68923	0.01	1.32576	1.38357	1.18	1.16769	1.84814	1.25967	1.21445	1.27028	1.06424	1.1466	1.1124	1.2349	3.3128	0.0646595	795000	1.86747
chr17_0_5000-chr17_80000_85000	1.44805	0.854155	0.66082	1.30949	2.26165	0.32336	0.65661	0.79941	0.4574	0.297805	0.98969	1.26439	3.44076	0.01	1.2428	1.6733	1.23491	1.83374	2.13843	1.28797	0.72066	1.5938	0.16783	0.56838	1.1608	1.7317	5.6516	0.522333	1.38517	1.0636	0.86665	1.02087	1.66059	0.441555	0.517199	0.734314	0.343957	0.445702	1.04413	1.33871	9.0815	0.0786426	75000	2.46667
chr17_0_5000-chr17_810000_815000	1.44805	0.854155	0.66082	1.30949	2.26165	0.32336	0.65661	0.79941	0.4574	0.297805	0.98969	1.26439	3.44076	0.01	0.730985	1.46215	0.91871	2.70193	2.054	1.52955	1.11895	0.72972	0.52465	0.605275	0.90901	1.0598	2.70279	0.01	1.3217	1.37986	1.17311	1.18598	1.86368	1.25153	1.20862	1.26125	1.05713	1.13885	1.10954	1.24118	3.30193	0.0639805	805000	1.06418
chr17_0_5000-chr17_815000_820000	1.44805	0.854155	0.66082	1.30949	2.26165	0.32336	0.65661	0.79941	0.4574	0.297805	0.98969	1.26439	3.44076	0.01	1.4093	1.15197	0.98621	3.13119	3.18219	0.611845	0.662225	0.741675	0.349935	0.85868	1.26675	1.55865	2.20358	0.522797	1.31805	1.38037	1.17154	1.19534	1.86485	1.25325	1.20807	1.25797	1.05385	1.13556	1.1083	1.24007	3.29823	0.0636473	810000	1.58184
chr17_0_5000-chr17_820000_825000	1.44805	0.854155	0.66082	1.30949	2.26165	0.32336	0.65661	0.79941	0.4574	0.297805	0.98969	1.26439	3.44076	0.01	1.12574	1.07424	1.24986	2.15552	3.03695	1.04461	0.867605	1.10684	0.463375	0.69627	1.3579	2.04423	6.56824	0.01	1.31861	1.37897	1.1704	1.20722	1.87294	1.24931	1.20472	1.2548	1.04953	1.13386	1.10928	1.24202	3.29151	0.0664642	815000	1.06474
